node_id	degree	weight_degree	closeness_centrality	betweenness_centrality	eigenvector_centrality
PASV1	2	2	0.5	0	0
PASV2	4	3.95683228182749	0.12659389107863	2	0
PASV3	5	4.95683228182749	0.0632986539362624	6.33333333333333	0
PASV5	2	1.97122152121832	0.0780461009532142	8	0
PASV8	3	2.95683228182749	0.0534011797255333	33	0
PASV9	3	2.98561076060916	0.112379469060865	0	0
PASV19	5	4.97122152121832	0.0722453653157482	2	0
PASV11	2	1.98561076060916	0.252727416472185	0	0
PASV16	3	2.95683228182749	0.0247486749569084	48	0
PASV51	3	2.97122152121832	0.101312022652404	0	0
PASV15	3	2.98561076060916	0.201741746168446	0	0
PASV17	1	0.985610760609162	0.0307458367770086	0	0
PASV41	2	1.97122152121832	0.169099885398631	3	0
PASV24	1	0.985610760609162	1.01459931239178	0	0
PASV25	2	1.98561076060916	0.101312022652404	0	0
PASV23	4	3.97122152121832	0.25181168933966	0.333333333333333	0
PASV26	2	1.97122152121832	0.0327294668322061	9	0
PASV28	3	2.97122152121832	0.0844472034406785	0	0
PASV44	1	1	1	0	0
PASV35	2	1.98561076060916	0.0675878170270157	0	0
PASV54	1	0.985610760609162	1.01459931239178	0	0
PASV179	2	2	0.5	0	0
PASV45	3	2.98561076060916	0.334939843195088	0	0
PASV87	1	1	1	0	0
PASV29	6	5.91366456365497	0.0780461009532142	18	0
PASV36	2	1.97122152121832	0.0191433832526752	12	0
PASV86	5	4.95683228182749	0.112368700097801	1.33333333333333	0
PASV34	2	1.97122152121832	0.507299656195892	1	0
PASV50	3	3	0.333333333333333	0	0
PASV111	3	2.97122152121832	0.0844502443098884	4.5	0
PASV74	1	0.985610760609162	0.20295498339428	0	0
PASV100	3	2.98561076060916	0.201741746168446	0	0
PASV48	3	2.9564058873621	0.338248548440101	2	0
PASV73	1	0.985610760609162	1.01459931239178	0	0
PASV43	1	1	1	0	0
PASV69	2	1.97122152121832	0.0247463246924826	36	0
PASV81	3	2.98561076060916	0.334939843195088	0	0
PASV153	3	2.97122152121832	0.0563209480709275	3.5	0
PASV38	4	3.98561076060916	0.25090257430135	0	0
PASV80	2	2	0.5	0	0
PASV118	3	2.97122152121832	0.0844502443098884	4.5	0
PASV122	1	0.985610760609162	0.202919862478357	0	0
PASV99	2	2	0.5	0	0
PASV105	2	1.97122152121832	0.036235689728278	16	0
PASV90	2	1.97122152121832	0.507299656195892	1	0
PASV67	4	3.98561076060916	0.126134360946922	0	0
PASV57	4	3.94244304243665	0.126824914048973	11	0
PASV112	3	2.97122152121832	0.0362173654321248	4	0
PASV76	4	3.97122152121832	0.0389792758131915	2.33333333333333	0
PASV64	3	2.95683228182749	0.144942758913112	6	0
PASV218	4	4	0.25	0	0
PASV72	5	4.95683228182749	0.112368700097801	1.33333333333333	0
PASV102	3	2.98561076060916	0.0166258785855654	0	0
PASV92	3	2.95683228182749	0.0534121254567705	12	0
PASV66	1	0.985610760609162	1.01459931239178	0	0
PASV88	4	3.95683228182749	0.12659389107863	2	0
PASV53	3	2.9564058873621	0.0922617010808173	8	0
PASV157	2	2	0.5	0	0
PASV96	2	1.98561076060916	0.50362337867932	0	0
PASV75	3	2.98561076060916	0.201741746168446	0	0
PASV176	2	1.97122152121832	0.0184472602253052	22	0
PASV139	3	2.97122152121832	0.0482806879783571	10	0
PASV252	2	1.97122152121832	0.0596838313401724	6	0
PASV71	1	0.985610760609162	0.338199770797262	0	0
PASV190	1	0.985610760609162	0.0405839724956714	0	0
PASV374	3	2.95683228182749	0.338199770797262	2	0
PASV165	1	0.985610760609162	0.0724736189924908	0	0
PASV207	2	1.98561076060916	0.144641093126934	0	0
PASV95	2	2	0.5	0	0
PASV133	1	0.985610760609162	0.0441138433435661	0	0
PASV119	2	1.98561076060916	0.252754653710906	0	0
PASV151	2	2	0.5	0	0
PASV5568	43	43	0.0232558139534884	0	0
PASV115	2	2	0.5	0	0
PASV77	2	2	0.5	0	0
PASV180	2	1.98561076060916	0.252727416472185	0	0
PASV132	5	4.95683228182749	0.112368700097801	1.33333333333333	0
PASV146	3	2.95683228182749	0.144942758913112	7	0
PASV284	1	0.985610760609162	0.202919862478357	0	0
PASV94	2	1.98561076060916	0.144641093126934	0	0
PASV155	3	2.95683228182749	0.078048698291005	10	0
PASV208	4	3.97122152121832	0.25181168933966	0.333333333333333	0
PASV120	2	1.97122152121832	0.112738676149448	6	0
PASV344	3	2.98561076060916	0.201741746168446	0	0
PASV140	1	0.985610760609162	0.0483142529710374	0	0
PASV614	1	0.985610760609162	0.0156092201906428	0	0
PASV324	4	3.94244304243665	0.253649828097946	3	0
PASV141	2	1.98561076060916	0.0921321397561632	0	0
PASV2373	4	4	0.25	0	0
PASV379	3	2.98561076060916	0.112379469060865	0	0
PASV107	11	11	0.0909090909090909	0	0
PASV213	3	2.97122152121832	0.0362173654321248	4	0
PASV137	3	3	0.333333333333333	0	0
PASV189	2	1.98561076060916	0.144641093126934	0	0
PASV212	3	3	0.333333333333333	0	0
PASV172	2	1.98561076060916	0.144641093126934	0	0
PASV117	2	2	0.5	0	0
PASV234	1	0.985184366143778	0.101490666030243	0	0
PASV125	2	2	0.5	0	0
PASV164	2	1.97122152121832	0.169112078930021	0	0
PASV163	4	3.94244304243665	0.078048698291005	12	0
PASV259	4	4	0.25	0	0
PASV98	2	1.97122152121832	0.507299656195892	1	0
PASV311	4	3.97122152121832	0.0389792758131915	2.33333333333333	0
PASV167	1	1	1	0	0
PASV437	2	1.98561076060916	0.252754653710906	0	0
PASV262	1	0.985610760609162	0.0483142529710374	0	0
PASV373	2	1.98561076060916	0.50362337867932	0	0
PASV124	3	2.9564058873621	0.126859215157857	6	0
PASV264	3	2.98561076060916	0.0166258785855654	0	0
PASV214	2	2	0.5	0	0
PASV299	2	1.98561076060916	0.0921321397561632	0	0
PASV109	1	0.985610760609162	1.01459931239178	0	0
PASV219	2	1.97122152121832	0.507299656195892	0	0
PASV270	1	0.985610760609162	1.01459931239178	0	0
PASV142	1	0.985610760609162	1.01459931239178	0	0
PASV583	1	1	1	0	0
PASV225	3	2.95683228182749	0.0289885517826224	54	0
PASV478	1	1	1	0	0
PASV230	1	1	1	0	0
PASV162	1	1	1	0	0
PASV175	1	0.985610760609162	1.01459931239178	0	0
PASV386	2	2	0.5	0	0
PASV228	2	1.98561076060916	0.252727416472185	0	0
PASV223	1	0.985610760609162	1.01459931239178	0	0
PASV2404	3	2.97122152121832	0.0563209480709275	3.5	0
PASV320	4	3.98561076060916	0.126134360946922	0	0
PASV195	1	1	1	0	0
PASV171	2	1.97122152121832	0.507299656195892	0	0
PASV3220	2	1.97079512675294	0.0845529909722597	5	0
PASV240	2	1.97079512675294	0.0563828900258511	6	0
PASV220	3	2.98561076060916	0.112379469060865	0	0
PASV226	1	0.985610760609162	1.01459931239178	0	0
PASV263	2	1.98561076060916	0.252754653710906	0	0
PASV297	3	2.98561076060916	0.334939843195088	0	0
PASV168	2	1.98561076060916	0.0405609878933674	0	0
PASV261	56	56	0.0178571428571429	0	0
PASV415	1	0.985610760609162	1.01459931239178	0	0
PASV1114	3	3	0.333333333333333	0	0
PASV210	3	2.95683228182749	0.338199770797262	0	0
PASV121	1	1	1	0	0
PASV273	3	3	0.333333333333333	0	0
PASV239	2	1.98561076060916	0.50362337867932	0	0
PASV333	2	1.98561076060916	0.252727416472185	0	0
PASV701	3	2.97122152121832	0.020286062996418	5.5	0
PASV355	1	0.985610760609162	0.202919862478357	0	0
PASV475	2	1.97122152121832	0.0405839724956714	0	0
PASV4085	3	2.95683228182749	0.0247463246924826	30	0
PASV498	3	2.95683228182749	0.338199770797262	2	0
PASV202	2	2	0.5	0	0
PASV249	6	5.91323816918959	0.0596838313401724	23	0
PASV152	56	56	0.0178571428571429	0	0
PASV314	4	3.98561076060916	0.126134360946922	0	0
PASV232	3	3	0.333333333333333	0	0
PASV643	1	1	1	0	0
PASV254	3	2.95683228182749	0.202919862478357	0	0
PASV312	6	6	0.166666666666667	0	0
PASV209	1	1	1	0	0
PASV181	2	1.97122152121832	0.0289885517826224	9	0
PASV476	2	1.97036873228756	0.0845682356345506	5	0
PASV2429	56	56	0.0178571428571429	0	0
PASV376	1	1	1	0	0
PASV278	8	8	0.125	0	0
PASV350	3	2.98561076060916	0.0595814935785043	0	0
PASV183	4	4	0.25	0	0
PASV200	2	1.97122152121832	0.144969637497386	3	0
PASV399	1	1	1	0	0
PASV2391	5	4.97122152121832	0.0722453653157482	2	0
PASV569	2	2	0.5	0	0
PASV358	4	4	0.25	0	0
PASV166	1	0.985610760609162	0.202919862478357	0	0
PASV4813	56	56	0.0178571428571429	0	0
PASV2387	1	0.983738753675929	0.338843348488376	0	0
PASV425	3	2.95683228182749	0.338199770797262	3	0
PASV158	1	0.985184366143778	0.0596990240584542	0	0
PASV424	1	0.985610760609162	0.338199770797262	0	0
PASV300	3	2.97122152121832	0.0247398647296644	21	0
PASV266	4	4	0.25	0	0
PASV363	2	1.97122152121832	0.507299656195892	0	0
PASV878	2	2	0.5	0	0
PASV332	1	0.985610760609162	0.0780461009532142	0	0
PASV352	2	1.98373875367593	0.25308662799942	0	0
PASV4079	6	6	0.166666666666667	0	0
PASV506	1	0.985610760609162	0.144942758913112	0	0
PASV483	2	2	0.5	0	0
PASV468	2	1.97122152121832	0.078048698291005	12	0
PASV438	4	3.97122152121832	0.0389792758131915	2.33333333333333	0
PASV461	3	2.97122152121832	0.0153714325707097	6	0
PASV567	1	0.985610760609162	1.01459931239178	0	0
PASV381	1	1	1	0	0
PASV283	4	3.94201664797126	0.078048698291005	11	0
PASV194	5	4.95959179422654	0.0598188354520306	0	0
PASV591	7	7	0.142857142857143	0	0
PASV421	2	1.97122152121832	0.0274216030376158	40	0
PASV549	2	1.98561076060916	0.50362337867932	0	0
PASV508	1	0.985610760609162	0.0922363011265259	0	0
PASV349	3	2.98561076060916	0.334939843195088	0	0
PASV408	3	2.96747750735186	0.20263609232921	0	0
PASV755	3	2.98561076060916	0.334939843195088	0	0
PASV584	1	0.985610760609162	1.01459931239178	0	0
PASV215	4	3.98373875367593	0.126283453969786	0	0
PASV335	3	2.95683228182749	0.112738676149448	11	0
PASV3242	4	4	0.25	0	0
PASV455	4	4	0.25	0	0
PASV306	2	2	0.5	0	0
PASV393	8	8	0.125	0	0
PASV568	1	0.985610760609162	0.0634244614385804	0	0
PASV769	51	51	0.0196078431372549	0	0
PASV510	3	2.95683228182749	0.0780461009532142	0	0
PASV235	8	7.95959179422654	0.0507172881150486	0	0
PASV2379	2	1.98373875367593	0.101485248968564	0	0
PASV608	1	0.985184366143778	0.0596914267325971	0	0
PASV539	1	0.985610760609162	0.338199770797262	0	0
PASV380	2	2	0.5	0	0
PASV685	2	1.97079512675294	0.0534011797255333	6	0
PASV450	1	0.985610760609162	0.0534011797255333	0	0
PASV334	1	1	1	0	0
PASV233	3	2.9564058873621	0.0181207846411489	33	0
PASV378	2	1.98561076060916	0.101312022652404	0	0
PASV505	3	2.98561076060916	0.334939843195088	0	0
PASV366	1	0.985610760609162	0.338199770797262	0	0
PASV4078	8	8	0.125	0	0
PASV631	2	1.97122152121832	0.0845499426993154	0	0
PASV348	1	0.985610760609162	0.112733256932421	0	0
PASV493	1	1	1	0	0
PASV808	2	1.97122152121832	0.0845499426993154	9	0
PASV522	1	0.985610760609162	0.0327335782014324	0	0
PASV527	2	1.98561076060916	0.0844472034406785	0	0
PASV440	51	51	0.0196078431372549	0	0
PASV834	51	51	0.0196078431372549	0	0
PASV718	2	2	0.5	0	0
PASV369	1	1	1	0	0
PASV594	3	2.95683228182749	0.0441138433435661	0	0
PASV456	3	2.97122152121832	0.020286062996418	5.5	0
PASV295	2	2	0.5	0	0
PASV866	1	0.985610760609162	1.01459931239178	0	0
PASV610	4	3.94244304243665	0.253649828097946	0	0
PASV711	3	2.97122152121832	0.0482806879783571	10	0
PASV341	1	1	1	0	0
PASV548	2	1.97079512675294	0.101490666030243	4	0
PASV609	3	3	0.333333333333333	0	0
PASV2384	5	4.95959179422654	0.0598188354520306	0	0
PASV882	1	0.985610760609162	0.0253652571474361	0	0
PASV5560	2	2	0.5	0	0
PASV383	6	6	0.166666666666667	0	0
PASV595	3	2.95683228182749	0.202919862478357	4	0
PASV442	2	2	0.5	0	0
PASV533	1	1	1	0	0
PASV556	2	2	0.5	0	0
PASV1025	2	1.97079512675294	0.0563828900258511	6	0
PASV343	6	5.97979589711327	0.0633803737192407	0	0
PASV2419	1	1	1	0	0
PASV716	7	7	0.142857142857143	0	0
PASV679	1	0.985610760609162	1.01459931239178	0	0
PASV600	1	1	1	0	0
PASV274	11	10.7979589711327	0.0926100944329759	12	0
PASV429	3	2.98561076060916	0.334939843195088	0	0
PASV536	1	1	1	0	0
PASV803	3	2.97122152121832	0.0247398647296644	21	0
PASV4817	15	14.7575507653593	0.0677619217375368	8.75	0
PASV1236	1	1	1	0	0
PASV675	3	2.95683228182749	0.202919862478357	4	0
PASV3213	43	43	0.0232558139534884	0	0
PASV3250	2	1.97122152121832	0.0156092201906428	12	0
PASV757	2	1.97122152121832	0.0390236998002502	9	0
PASV906	5	4.95683228182749	0.0632986539362624	6.33333333333333	0
PASV439	7	6.95959179422654	0.0675768869173621	0	0
PASV815	1	0.985610760609162	1.01459931239178	0	0
PASV558	2	1.98561076060916	0.0405609878933674	0	0
PASV434	2	1.97036873228756	0.0405973205229443	7	0
PASV532	1	0.985184366143778	0.0534084763811554	0	0
PASV2434	1	1	1	0	0
PASV943	3	2.98561076060916	0.201741746168446	0	0
PASV364	1	1	1	0	0
PASV384	3	2.98561076060916	0.334939843195088	0	0
PASV721	2	1.97122152121832	0.0634124570244866	5	0
PASV488	2	2	0.5	0	0
PASV4814	10	9.91918358845309	0.0507172881150486	0	0
PASV543	52	52	0.0192307692307692	0	0
PASV2756	7	6.95959179422654	0.0675768869173621	0	0
PASV337	11	11	0.0909090909090909	0	0
PASV921	1	0.985610760609162	1.01459931239178	0	0
PASV589	4	4	0.25	0	0
PASV405	9	9	0.111111111111111	0	0
PASV813	3	2.98561076060916	0.0595814935785043	0	0
PASV565	1	0.985610760609162	0.338199770797262	0	0
PASV781	3	2.95683228182749	0.202919862478357	0	0
PASV530	2	1.97036873228756	0.101486274205812	9	0
PASV391	2	1.97036873228756	0.126859215157857	6	0
PASV427	3	2.9564058873621	0.202972548411624	3.5	0
PASV3223	2	2	0.5	0	0
PASV339	7	7	0.142857142857143	0	0
PASV2395	1	1	1	0	0
PASV644	1	0.985184366143778	0.202972548411624	0	0
PASV457	1	0.985184366143778	0.202990116469607	0	0
PASV8750	10	9.97979589711327	0.0630573828093964	0	0
PASV612	1	1	1	0	0
PASV4815	56	56	0.0178571428571429	0	0
PASV669	4	4	0.25	0	0
PASV607	1	0.985610760609162	0.202919862478357	0	0
PASV697	1	0.985610760609162	0.112733256932421	0	0
PASV6370	3	3	0.333333333333333	0	0
PASV597	8	8	0.125	0	0
PASV4821	10	9.91918358845309	0.0507172881150486	0	0
PASV4199	4	4	0.25	0	0
PASV2428	1	0.983738753675929	1.01653004546513	0	0
PASV518	2	1.98561076060916	0.101312022652404	0	0
PASV653	2	1.97036873228756	0.0507453330151216	12	0
PASV2432	1	0.983738753675929	1.01653004546513	0	0
PASV3237	56	56	0.0178571428571429	0	0
PASV4093	7	6.95959179422654	0.0483635366634007	0	0
PASV8748	51	51	0.0196078431372549	0	0
PASV3258	2	1.97122152121832	0.0215872194125912	30	0
PASV997	1	1	1	0	0
PASV516	56	56	0.0178571428571429	0	0
PASV570	2	1.98561076060916	0.0844472034406785	0	0
PASV935	3	2.95683228182749	0.101464320783869	8	0
PASV801	10	9.97979589711327	0.0630573828093964	0	0
PASV1503	5	4.94244304243665	0.144641093126934	3	0
PASV636	2	1.97122152121832	0.112738676149448	6	0
PASV733	1	0.985610760609162	1.01459931239178	0	0
PASV724	2	1.97122152121832	0.0780538934852502	0	0
PASV1305	1	1	1	0	0
PASV909	1	0.985610760609162	0.202919862478357	0	0
PASV4909	2	1.97122152121832	0.0130091987319798	0	0
PASV7043	1	1	1	0	0
PASV791	5	4.97979589711327	0.0597466265212837	0	0
PASV2390	61	61	0.0163934426229508	0	0.999999999999999
PASV6371	41	41	0.024390243902439	0	0
PASV771	56	56	0.0178571428571429	0	0
PASV4822	10	9.91918358845309	0.0507172881150486	0	0
PASV2406	4	4	0.25	0	0
PASV728	2	2	0.5	0	0
PASV409	5	4.97979589711327	0.0597466265212837	0	0
PASV7513	5	5	0.2	0	0
PASV4141	1	1	1	0	0
PASV2503	8	7.91918358845308	0.0462185674757283	0	0
PASV4835	10	9.91918358845309	0.0507172881150486	0	0
PASV3295	1	1	1	0	0
PASV1423	2	2	0.5	0	0
PASV713	3	2.9564058873621	0.1127495161467	8	0
PASV2780	6	5.92805380304581	0.12659389107863	4	0
PASV541	11	11	0.0909090909090909	0	0
PASV758	7	7	0.142857142857143	0	0
PASV2418	5	5	0.2	0	0
PASV4105	7	7	0.142857142857143	0	0
PASV2465	1	1	1	0	0
PASV2528	1	0.983738753675929	1.01653004546513	0	0
PASV6383	9	9	0.111111111111111	0	0
PASV832	2	2	0.5	0	0
PASV1047	1	0.985610760609162	1.01459931239178	0	0
PASV4081	3	2.97979589711327	0.0442953878275913	0	0
PASV3298	10	9.97979589711327	0.0630573828093964	0	0
PASV606	2	2	0.5	0	0
PASV4825	7	7	0.142857142857143	0	0
PASV2239	1	1	1	0	0
PASV760	2	1.98561076060916	0.50362337867932	0	0
PASV5594	51	51	0.0196078431372549	0	0
PASV1091	2	2	0.5	0	0
PASV6372	41	41	0.024390243902439	0	0
PASV2515	2	2	0.5	0	0
PASV826	1	1	1	0	0
PASV2637	10	9.97979589711327	0.0630573828093964	0	0
PASV3468	2	1.97036873228756	0.14497859924092	3	0
PASV931	1	0.985610760609162	0.0724870591153291	0	0
PASV6375	1	1	1	0	0
PASV2424	4	4	0.25	0	0
PASV1434	2	1.97036873228756	0.169148670077553	2	0
PASV7512	61	61	0.0163934426229508	0	0.999999999999999
PASV9261	52	52	0.0192307692307692	0	0
PASV3302	6	5.90243252205558	0.169421674244188	8	0
PASV3256	11	11	0.0909090909090909	0	0
PASV4883	1	1	1	0	0
PASV3515	2	1.97036873228756	0.0207086681231015	40	0
PASV4837	2	2	0.5	0	0
PASV4840	4	4	0.25	0	0
PASV8769	10	9.97979589711327	0.0630573828093964	0	0
PASV1977	1	0.985610760609162	0.202919862478357	0	0
PASV8749	51	51	0.0196078431372549	0	0
PASV6376	9	9	0.111111111111111	0	0
PASV2175	2	1.97122152121832	0.169099885398631	3	0
PASV2733	7	7	0.142857142857143	0	0
PASV8074	8	7.95959179422654	0.0507172881150486	0	0
PASV8062	43	43	0.0232558139534884	0	0
PASV7054	6	5.97979589711327	0.0633803737192407	0	0
PASV3402	52	52	0.0192307692307692	0	0
PASV7514	61	61	0.0163934426229508	0	0.999999999999999
PASV4838	4	4	0.25	0	0
PASV1595	1	1	1	0	0
PASV9262	52	52	0.0192307692307692	0	0
PASV4818	56	56	0.0178571428571429	0	0
PASV7521	5	5	0.2	0	0
PASV9263	52	52	0.0192307692307692	0	0
PASV7519	5	5	0.2	0	0
PASV4860	8	8	0.125	0	0
PASV7515	61	61	0.0163934426229508	0	1
PASV8773	10	9.97979589711327	0.0630573828093964	0	0
PASV8751	51	51	0.0196078431372549	0	0
PASV7516	61	61	0.0163934426229508	0	1
PASV8065	43	43	0.0232558139534884	0	0
PASV8067	43	43	0.0232558139534884	0	0
PASV8066	43	43	0.0232558139534884	0	0
PASV8754	51	51	0.0196078431372549	0	0
PASV4824	56	56	0.0178571428571429	0	0
PASV8068	43	43	0.0232558139534884	0	0
PASV7561	1	1	1	0	0
PASV8069	43	43	0.0232558139534884	0	0
PASV9265	52	52	0.0192307692307692	0	0
ASV1046	5	4.95959179422654	0.0598188354520306	0	0
ASV3648	56	56	0.0178571428571429	0	0
ASV901	5	4.92805380304581	0.0483142529710374	24	0
ASV28	1	1	1	0	0
ASV2614	8	7.95959179422654	0.0507172881150486	0	0
ASV4281	41	41	0.024390243902439	0	0
ASV2687	4	4	0.25	0	0
ASV1601	3	2.9564058873621	0.0922617010808173	9	0
ASV87	1	0.985610760609162	1.01459931239178	0	0
ASV148	2	1.98373875367593	0.101485248968564	0	0
ASV4001	61	61	0.0163934426229508	0	1
ASV130	1	1	1	0	0
ASV1130	7	7	0.142857142857143	0	0
ASV2927	52	52	0.0192307692307692	0	0
ASV1455	1	1	1	0	0
ASV621	1	1	1	0	0
ASV4016	61	61	0.0163934426229508	0	1
ASV373	2	1.97122152121832	0.0166327756129801	0	0
ASV1041	61	61	0.0163934426229508	0	1
ASV1447	51	51	0.0196078431372549	0	0
ASV1383	1	1	1	0	0
ASV163	1	1	1	0	0
ASV125	4	3.94244304243665	0.253649828097946	3	0
ASV2999	52	52	0.0192307692307692	0	0
ASV2591	7	6.95959179422654	0.0483635366634007	0	0
ASV146	1	0.985610760609162	0.0634244614385804	0	0
ASV2903	52	52	0.0192307692307692	0	0
ASV3937	11	11	0.0909090909090909	0	0
ASV2555	43	43	0.0232558139534884	0	0
ASV1016	11	10.777754868246	0.0927837023781506	30	0
ASV2046	61	61	0.0163934426229508	0	1
ASV2596	43	43	0.0232558139534884	0	0
ASV1456	13	12.7373466624725	0.0785092866276659	30	0
ASV860	43	43	0.0232558139534884	0	0
ASV1480	9	9	0.111111111111111	0	0
ASV2952	52	52	0.0192307692307692	0	0
ASV175	2	1.98561076060916	0.0779585516263831	0	0
ASV4017	11	11	0.0909090909090909	0	0
ASV1440	51	51	0.0196078431372549	0	0
ASV1441	51	51	0.0196078431372549	0	0
ASV2620	43	43	0.0232558139534884	0	0
ASV2934	7	7	0.142857142857143	0	0
ASV4245	41	41	0.024390243902439	0	0
ASV1820	43	43	0.0232558139534884	0	0
ASV483	7	7	0.142857142857143	0	0
ASV1466	9	9	0.111111111111111	0	0
ASV115	2	1.97122152121832	0.507299656195892	1	0
ASV166	9	9	0.111111111111111	0	0
ASV161	3	2.95597949289672	0.338297340155106	3	0
ASV1424	51	51	0.0196078431372549	0	0
ASV2925	52	52	0.0192307692307692	0	0
ASV559	43	43	0.0232558139534884	0	0
ASV1460	15	14.7575507653593	0.0677619217375368	8.75	0
ASV222	9	9	0.111111111111111	0	0
ASV321	1	0.985184366143778	0.0307494648661392	0	0
ASV120	2	1.97122152121832	0.0676419050400697	10	0
ASV2643	43	43	0.0232558139534884	0	0
ASV1516	51	51	0.0196078431372549	0	0
ASV879	1	1	1	0	0
ASV566	51	51	0.0196078431372549	0	0
ASV2946	52	52	0.0192307692307692	0	0
ASV61	6	6	0.166666666666667	0	0
ASV2566	43	43	0.0232558139534884	0	0
ASV706	1	1	1	0	0
ASV1408	51	51	0.0196078431372549	0	0
ASV3630	56	56	0.0178571428571429	0	0
ASV3955	61	61	0.0163934426229508	0	1
ASV393	41	41	0.024390243902439	0	0
ASV3265	6	6	0.166666666666667	0	0
ASV1407	4	4	0.25	0	0
ASV66	1	1	1	0	0
ASV3951	61	61	0.0163934426229508	0	0.999999999999999
ASV3627	56	56	0.0178571428571429	0	0
ASV1293	9	9	0.111111111111111	0	0
ASV228	1	1	1	0	0
ASV1461	2	1.98518436614378	0.101333910212446	0	0
ASV2996	4	4	0.25	0	0
ASV2959	52	52	0.0192307692307692	0	0
ASV1660	1	1	1	0	0
ASV124	1	1	1	0	0
ASV2354	4	4	0.25	0	0
ASV1476	8	7.91918358845308	0.0462185674757283	0	0
ASV2345	41	41	0.024390243902439	0	0
ASV3965	61	61	0.0163934426229508	0	1
ASV1411	51	51	0.0196078431372549	0	0
ASV541	43	43	0.0232558139534884	0	0
ASV1967	2	1.96747750735186	0.508265022732564	0	0
ASV3967	61	61	0.0163934426229508	0	1
ASV2592	43	43	0.0232558139534884	0	0
ASV3933	61	61	0.0163934426229508	0	1
ASV4283	41	41	0.024390243902439	0	0
ASV2341	7	6.95959179422654	0.0483635366634007	0	0
ASV944	1	1	1	0	0
ASV1982	6	6	0.166666666666667	0	0
ASV1412	51	51	0.0196078431372549	0	0
ASV475	11	11	0.0909090909090909	0	0
ASV147	43	43	0.0232558139534884	0	0
ASV1919	61	61	0.0163934426229508	0	0.999999999999999
ASV925	51	51	0.0196078431372549	0	0
ASV2552	43	43	0.0232558139534884	0	0
ASV3952	61	61	0.0163934426229508	0	0.999999999999999
ASV2922	52	52	0.0192307692307692	0	0
ASV2938	7	6.95959179422654	0.0675768869173621	0	0
ASV371	5	4.92805380304581	0.0596823124936344	8	0
ASV207	2	1.97122152121832	0.0676399541594523	0	0
ASV266	1	1	1	0	0
ASV224	2	1.97122152121832	0.092239928835143	4	0
ASV1507	51	51	0.0196078431372549	0	0
ASV234	4	4	0.25	0	0
ASV69	2	2	0.5	0	0
ASV838	2	1.97079512675294	0.092239928835143	4	0
ASV1870	56	56	0.0178571428571429	0	0
ASV3626	56	56	0.0178571428571429	0	0
ASV181	3	2.98561076060916	0.201741746168446	0	0
ASV2616	43	43	0.0232558139534884	0	0
ASV3669	56	56	0.0178571428571429	0	0
ASV987	9	9	0.111111111111111	0	0
ASV837	9	9	0.111111111111111	0	0
ASV3077	7	6.95959179422654	0.0675768869173621	0	0
ASV239	4	3.94244304243665	0.02029356653862	33	0
ASV117	2	1.98518436614378	0.101333910212446	0	0
ASV1846	61	61	0.0163934426229508	0	0.999999999999999
ASV4238	41	41	0.024390243902439	0	0
ASV3956	61	61	0.0163934426229508	0	1
ASV3487	61	61	0.0163934426229508	0	0.999999999999999
ASV3645	56	56	0.0178571428571429	0	0
ASV918	61	61	0.0163934426229508	0	1
ASV2944	52	52	0.0192307692307692	0	0
ASV2598	43	43	0.0232558139534884	0	0
ASV345	4	3.98373875367593	0.126283453969786	0	0
ASV2630	3	3	0.333333333333333	0	0
ASV341	4	3.95121626102779	0.25308662799942	1	0
ASV319	6	6	0.166666666666667	0	0
ASV264	61	61	0.0163934426229508	0	1
ASV8	2	1.98561076060916	0.0723981193194083	0	0
ASV29	1	0.985610760609162	1.01459931239178	0	0
ASV4023	61	61	0.0163934426229508	0	1
ASV4297	41	41	0.024390243902439	0	0
ASV1035	3	2.98561076060916	0.334939843195088	0	0
ASV612	2	1.98373875367593	0.504098636046188	0	0
ASV430	6	6	0.166666666666667	0	0
ASV1697	1	1	1	0	0
ASV947	6	5.97979589711327	0.0633803737192407	0	0
ASV211	1	0.985610760609162	0.0230590752816315	0	0
ASV1366	51	51	0.0196078431372549	0	0
ASV2979	52	52	0.0192307692307692	0	0
ASV2929	52	52	0.0192307692307692	0	0
ASV2633	1	1	1	0	0
ASV1365	3	2.96747750735186	0.20263609232921	0	0
ASV1446	5	4.97979589711327	0.0597466265212837	0	0
ASV589	4	4	0.25	0	0
ASV3619	56	56	0.0178571428571429	0	0
ASV2622	43	43	0.0232558139534884	0	0
ASV2584	43	43	0.0232558139534884	0	0
ASV1388	51	51	0.0196078431372549	0	0
ASV1847	1	1	1	0	0
ASV1462	9	9	0.111111111111111	0	0
ASV995	61	61	0.0163934426229508	0	0.999999999999999
ASV4008	61	61	0.0163934426229508	0	1
ASV2461	52	52	0.0192307692307692	0	0
ASV3989	61	61	0.0163934426229508	0	1
ASV1398	3	2.95555309843133	0.0596990240584542	16	0
ASV250	56	56	0.0178571428571429	0	0
ASV932	7	7	0.142857142857143	0	0
ASV2939	52	52	0.0192307692307692	0	0
ASV980	2	2	0.5	0	0
ASV2565	7	7	0.142857142857143	0	0
ASV4248	41	41	0.024390243902439	0	0
ASV1018	1	0.983738753675929	1.01653004546513	0	0
ASV3686	56	56	0.0178571428571429	0	0
ASV3703	6	6	0.166666666666667	0	0
ASV3980	11	11	0.0909090909090909	0	0
ASV1364	51	51	0.0196078431372549	0	0
ASV4268	41	41	0.024390243902439	0	0
ASV2611	43	43	0.0232558139534884	0	0
ASV277	4	3.98561076060916	0.25090257430135	0	0
ASV1082	1	0.985610760609162	0.0922363011265259	0	0
ASV129	2	1.98561076060916	0.50362337867932	0	0
ASV2990	52	52	0.0192307692307692	0	0
ASV1399	1	0.985184366143778	0.202972548411624	0	0
ASV174	56	56	0.0178571428571429	0	0
ASV2575	1	1	1	0	0
ASV1429	51	51	0.0196078431372549	0	0
ASV314	1	1	1	0	0
ASV1937	61	61	0.0163934426229508	0	1
ASV3621	56	56	0.0178571428571429	0	0
ASV171	2	2	0.5	0	0
ASV1459	4	4	0.25	0	0
ASV4261	41	41	0.024390243902439	0	0
ASV854	1	1	1	0	0
ASV3971	61	61	0.0163934426229508	0	1
ASV65	4	4	0.25	0	0
ASV2590	43	43	0.0232558139534884	0	0
ASV4	2	2	0.5	0	0
ASV27	1	1	1	0	0
ASV3624	56	56	0.0178571428571429	0	0
ASV1646	5	5	0.2	0	0
ASV262	2	1.98561076060916	0.101312022652404	0	0
ASV384	1	0.985184366143778	0.039029544685581	0	0
ASV158	5	4.97122152121832	0.0722453653157482	2	0
ASV1414	2	2	0.5	0	0
ASV836	1	0.985610760609162	1.01459931239178	0	0
ASV1091	10	9.91918358845309	0.0507172881150486	0	0
ASV2962	52	52	0.0192307692307692	0	0
ASV3643	56	56	0.0178571428571429	0	0
ASV38	1	1	1	0	0
ASV3974	61	61	0.0163934426229508	0	1
ASV3656	56	56	0.0178571428571429	0	0
ASV448	56	56	0.0178571428571429	0	0
ASV4246	41	41	0.024390243902439	0	0
ASV1128	2	1.96747750735186	0.508265022732564	0	0
ASV1925	8	8	0.125	0	0
ASV1262	4	3.98373875367593	0.126283453969786	0	0
ASV3945	61	61	0.0163934426229508	0	1
ASV3642	56	56	0.0178571428571429	0	0
ASV2579	5	5	0.2	0	0
ASV1390	9	9	0.111111111111111	0	0
ASV4010	11	11	0.0909090909090909	0	0
ASV58	3	2.98561076060916	0.0595814935785043	0	0
ASV618	1	0.985610760609162	1.01459931239178	0	0
ASV3946	61	61	0.0163934426229508	0	0.999999999999999
ASV4282	41	41	0.024390243902439	0	0
ASV2010	11	10.7979589711327	0.0926100944329759	12	0
ASV2053	43	43	0.0232558139534884	0	0
ASV2915	52	52	0.0192307692307692	0	0
ASV2597	43	43	0.0232558139534884	0	0
ASV4266	41	41	0.024390243902439	0	0
ASV3975	61	61	0.0163934426229508	0	0.999999999999999
ASV3625	56	56	0.0178571428571429	0	0
ASV3935	61	61	0.0163934426229508	0	1
ASV1372	8	7.91918358845308	0.0462185674757283	0	0
ASV162	5	4.95683228182749	0.112368700097801	2	0
ASV105	4	3.98561076060916	0.126134360946922	0	0
ASV170	2	1.98561076060916	0.252727416472185	0	0
ASV1393	8	7.91918358845308	0.0462185674757283	0	0
ASV2574	43	43	0.0232558139534884	0	0
ASV176	1	0.985610760609162	1.01459931239178	0	0
ASV3710	8	8	0.125	0	0
ASV1405	51	51	0.0196078431372549	0	0
ASV461	56	56	0.0178571428571429	0	0
ASV874	2	1.97079512675294	0.0230611159680553	45	0
ASV183	4	4	0.25	0	0
ASV2969	52	52	0.0192307692307692	0	0
ASV2926	52	52	0.0192307692307692	0	0
ASV898	11	11	0.0909090909090909	0	0
ASV123	1	0.985610760609162	1.01459931239178	0	0
ASV3639	56	56	0.0178571428571429	0	0
ASV2998	52	52	0.0192307692307692	0	0
ASV284	1	0.985610760609162	0.338199770797262	0	0
ASV1467	9	9	0.111111111111111	0	0
ASV834	6	6	0.166666666666667	0	0
ASV53	1	1	1	0	0
ASV121	1	0.985610760609162	0.144942758913112	0	0
ASV2931	52	52	0.0192307692307692	0	0
ASV2945	52	52	0.0192307692307692	0	0
ASV549	52	52	0.0192307692307692	0	0
ASV2626	43	43	0.0232558139534884	0	0
ASV3954	61	61	0.0163934426229508	0	0.999999999999999
ASV3027	52	52	0.0192307692307692	0	0
ASV1141	1	1	1	0	0
ASV2932	52	52	0.0192307692307692	0	0
ASV4262	41	41	0.024390243902439	0	0
ASV939	3	2.98561076060916	0.0166258785855654	0	0
ASV1439	51	51	0.0196078431372549	0	0
ASV136	3	2.97122152121832	0.0153714325707097	6	0
ASV1389	3	2.95683228182749	0.338199770797262	0	0
ASV948	2	1.98561076060916	0.252754653710906	0	0
ASV1203	7	6.95959179422654	0.0675768869173621	0	0
ASV2613	43	43	0.0232558139534884	0	0
ASV2693	43	43	0.0232558139534884	0	0
ASV561	52	52	0.0192307692307692	0	0
ASV4019	61	61	0.0163934426229508	0	0.999999999999999
ASV890	7	7	0.142857142857143	0	0
ASV2593	7	6.95959179422654	0.0483635366634007	0	0
ASV142	4	3.95683228182749	0.112566889900736	3.5	0
ASV3990	61	61	0.0163934426229508	0	1
ASV1482	3	2.97979589711327	0.0442953878275913	0	0
ASV1449	9	9	0.111111111111111	0	0
ASV1475	5	4.97979589711327	0.0597466265212837	0	0
ASV407	56	56	0.0178571428571429	0	0
ASV3640	56	56	0.0178571428571429	0	0
ASV286	2	2	0.5	0	0
ASV1201	3	3	0.333333333333333	0	0
ASV1543	15	14.7575507653593	0.0677619217375368	8.75	0
ASV2057	52	52	0.0192307692307692	0	0
ASV3932	61	61	0.0163934426229508	0	1
ASV1593	10	9.97979589711327	0.0630573828093964	0	0
ASV296	7	7	0.142857142857143	0	0
ASV278	1	1	1	0	0
ASV3982	61	61	0.0163934426229508	0	1
ASV369	41	41	0.024390243902439	0	0
ASV852	5	4.95683228182749	0.112368700097801	2	0
ASV2581	43	43	0.0232558139534884	0	0
ASV424	9	9	0.111111111111111	0	0
ASV118	2	1.98561076060916	0.50362337867932	0	0
ASV1879	41	41	0.024390243902439	0	0
ASV1471	10	9.97979589711327	0.0630573828093964	0	0
ASV43	4	3.98561076060916	0.25090257430135	0	0
ASV60	2	1.98561076060916	0.252727416472185	0	0
ASV3283	7	7	0.142857142857143	0	0
ASV841	51	51	0.0196078431372549	0	0
ASV2585	8	7.95959179422654	0.0507172881150486	0	0
ASV184	1	0.985610760609162	1.01459931239178	0	0
ASV3944	61	61	0.0163934426229508	0	0.999999999999999
ASV4247	41	41	0.024390243902439	0	0
ASV3646	56	56	0.0178571428571429	0	0
ASV1437	51	51	0.0196078431372549	0	0
ASV383	51	51	0.0196078431372549	0	0
ASV1093	9	9	0.111111111111111	0	0
ASV3942	61	61	0.0163934426229508	0	0.999999999999999
ASV3680	56	56	0.0178571428571429	0	0
ASV267	3	2.95683228182749	0.338199770797262	3	0
ASV2607	3	2.95683228182749	0.338199770797262	2	0
ASV2980	52	52	0.0192307692307692	0	0
ASV39	43	43	0.0232558139534884	0	0
ASV3999	61	61	0.0163934426229508	0	1
ASV86	1	0.985610760609162	0.202919862478357	0	0
ASV225	2	1.97122152121832	0.0422757334041566	16	0
ASV3987	61	61	0.0163934426229508	0	0.999999999999999
ASV73	2	1.97079512675294	0.144987562092519	0.5	0
ASV1478	10	9.91918358845309	0.0507172881150486	0	0
ASV1474	51	51	0.0196078431372549	0	0
ASV2599	7	7	0.142857142857143	0	0
ASV899	8	7.95959179422654	0.0507172881150486	0	0
ASV3661	56	56	0.0178571428571429	0	0
ASV78	2	1.98373875367593	0.504098636046188	0	0
ASV2967	3	3	0.333333333333333	0	0
ASV7	1	1	1	0	0
ASV2595	43	43	0.0232558139534884	0	0
ASV3803	8	8	0.125	0	0
ASV1845	61	61	0.0163934426229508	0	0.999999999999999
ASV10	4	3.97122152121832	0.25181168933966	0.333333333333333	0
ASV56	2	1.97122152121832	0.0235953328463206	22	0
ASV3652	56	56	0.0178571428571429	0	0
ASV23	1	0.985610760609162	0.126845492488043	0	0
ASV4258	41	41	0.024390243902439	0	0
ASV3953	61	61	0.0163934426229508	0	0.999999999999999
ASV2257	7	7	0.142857142857143	0	0
ASV3013	52	52	0.0192307692307692	0	0
ASV2651	14	13.7373466624725	0.0727942611167981	21	0
ASV4257	41	41	0.024390243902439	0	0
ASV1930	7	7	0.142857142857143	0	0
ASV3632	56	56	0.0178571428571429	0	0
ASV3649	56	56	0.0178571428571429	0	0
ASV11	5	4.94244304243665	0.101312022652404	2.5	0
ASV137	1	0.985610760609162	0.0131766144466466	0	0
ASV864	51	51	0.0196078431372549	0	0
ASV152	6	5.91281177472421	0.169124274220051	11	0
ASV1523	51	51	0.0196078431372549	0	0
ASV2600	43	43	0.0232558139534884	0	0
ASV2386	43	43	0.0232558139534884	0	0
ASV1530	4	3.95121626102779	0.25308662799942	1	0
ASV2802	3	3	0.333333333333333	0	0
ASV2273	41	41	0.024390243902439	0	0
ASV48	2	1.98561076060916	0.0675878170270157	0	0
ASV921	3	2.95121626102779	0.338843348488376	2	0
ASV389	41	41	0.024390243902439	0	0
ASV2961	52	52	0.0192307692307692	0	0
ASV221	1	0.983738753675929	1.01653004546513	0	0
ASV298	1	0.985610760609162	0.202919862478357	0	0
ASV1489	6	5.92805380304581	0.12659389107863	4	0
ASV1498	51	51	0.0196078431372549	0	0
ASV3644	56	56	0.0178571428571429	0	0
ASV4249	41	41	0.024390243902439	0	0
ASV360	1	1	1	0	0
ASV455	1	0.983738753675929	0.338843348488376	0	0
ASV3972	61	61	0.0163934426229508	0	1
ASV2563	43	43	0.0232558139534884	0	0
ASV3949	61	61	0.0163934426229508	0	1
ASV320	4	3.94244304243665	0.0922363011265259	6	0
ASV2906	4	4	0.25	0	0
ASV365	51	51	0.0196078431372549	0	0
ASV1031	6	6	0.166666666666667	0	0
ASV3998	61	61	0.0163934426229508	0	1
ASV4324	41	41	0.024390243902439	0	0
ASV2943	52	52	0.0192307692307692	0	0
ASV2968	52	52	0.0192307692307692	0	0
ASV1378	51	51	0.0196078431372549	0	0
ASV2627	43	43	0.0232558139534884	0	0
ASV1819	61	61	0.0163934426229508	0	1
ASV96	2	2	0.5	0	0
ASV54	3	2.95683228182749	0.0461190574725826	21	0
ASV188	1	0.985610760609162	0.338199770797262	0	0
ASV3	1	0.985610760609162	0.338199770797262	0	0
ASV1463	15	14.7575507653593	0.0677619217375368	8.75	0
ASV388	2	2	0.5	0	0
ASV1445	3	2.95683228182749	0.0441130135822515	21	0
ASV4240	41	41	0.024390243902439	0	0
ASV363	2	1.97122152121832	0.0780461009532142	8	0
ASV1854	2	1.98373875367593	0.25308662799942	0	0
ASV1448	51	51	0.0196078431372549	0	0
ASV2966	52	52	0.0192307692307692	0	0
ASV72	5	4.94244304243665	0.144641093126934	3	0
ASV2910	7	6.95959179422654	0.0675768869173621	0	0
ASV2993	52	52	0.0192307692307692	0	0
ASV25	3	2.97122152121832	0.101312022652404	0	0
ASV1404	2	1.97122152121832	0.507299656195892	0	0
ASV2982	52	52	0.0192307692307692	0	0
ASV1392	1	1	1	0	0
ASV3973	61	61	0.0163934426229508	0	1
ASV3700	56	56	0.0178571428571429	0	0
ASV2309	41	41	0.024390243902439	0	0
ASV2609	3	3	0.333333333333333	0	0
ASV3121	3	3	0.333333333333333	0	0
ASV1371	4	4	0.25	0	0
ASV1917	1	1	1	0	0
ASV960	61	61	0.0163934426229508	0	1
ASV3298	56	56	0.0178571428571429	0	0
ASV3969	61	61	0.0163934426229508	0	1
ASV2953	6	6	0.166666666666667	0	0
ASV3257	41	41	0.024390243902439	0	0
ASV1422	51	51	0.0196078431372549	0	0
ASV350	3	2.95683228182749	0.338199770797262	0	0
ASV2635	5	5	0.2	0	0
ASV1452	9	9	0.111111111111111	0	0
ASV3376	61	61	0.0163934426229508	0	0.999999999999999
ASV2672	1	1	1	0	0
ASV149	1	0.985184366143778	0.03171737727722	0	0
ASV3690	56	56	0.0178571428571429	0	0
ASV4243	41	41	0.024390243902439	0	0
ASV2650	43	43	0.0232558139534884	0	0
ASV59	1	1	1	0	0
ASV50	2	1.98561076060916	0.0723981193194083	0	0
ASV1438	3	2.97979589711327	0.0442953878275913	0	0
ASV2589	2	1.96747750735186	0.508265022732564	1	0
ASV997	9	9	0.111111111111111	0	0
ASV1413	51	51	0.0196078431372549	0	0
ASV1421	4	4	0.25	0	0
ASV1711	9	9	0.111111111111111	0	0
ASV2550	4	4	0.25	0	0
ASV3633	4	4	0.25	0	0
ASV276	1	0.985184366143778	0.0405888891686106	0	0
ASV1432	51	51	0.0196078431372549	0	0
ASV2259	11	11	0.0909090909090909	0	0
ASV937	8	7.91918358845308	0.0462185674757283	0	0
ASV1867	61	61	0.0163934426229508	0	1
ASV2948	5	4.95959179422654	0.0598188354520306	0	0
ASV253	1	0.985610760609162	1.01459931239178	0	0
ASV895	52	52	0.0192307692307692	0	0
ASV1370	51	51	0.0196078431372549	0	0
ASV2271	41	41	0.024390243902439	0	0
ASV361	1	1	1	0	0
ASV2950	52	52	0.0192307692307692	0	0
ASV3655	56	56	0.0178571428571429	0	0
ASV3678	56	56	0.0178571428571429	0	0
ASV2370	1	1	1	0	0
ASV405	5	4.95683228182749	0.112368700097801	2	0
ASV342	2	1.98373875367593	0.504098636046188	0	0
ASV3985	61	61	0.0163934426229508	0	1
ASV1430	51	51	0.0196078431372549	0	0
ASV1369	1	1	1	0	0
ASV2648	7	6.95959179422654	0.0483635366634007	0	0
ASV3993	61	61	0.0163934426229508	0	1
ASV243	2	1.98561076060916	0.50362337867932	0	0
ASV2776	8	7.95959179422654	0.0507172881150486	0	0
ASV1055	51	51	0.0196078431372549	0	0
ASV3673	56	56	0.0178571428571429	0	0
ASV280	5	5	0.2	0	0
ASV1842	61	61	0.0163934426229508	0	1
ASV1881	61	61	0.0163934426229508	0	1
ASV441	3	2.95683228182749	0.030745433708842	0	0
ASV2266	56	56	0.0178571428571429	0	0
ASV2629	14	13.7373466624725	0.0727942611167981	21	0
ASV1155	41	41	0.024390243902439	0	0
ASV438	4	3.98561076060916	0.25090257430135	0	0
ASV1535	2	1.97122152121832	0.0634124570244866	5	0
ASV1851	4	4	0.25	0	0
ASV32	5	4.94244304243665	0.101312022652404	2.5	0
ASV156	4	3.95683228182749	0.112566889900736	3.5	0
ASV2977	52	52	0.0192307692307692	0	0
ASV131	2	1.97122152121832	0.507299656195892	1	0
ASV238	5	5	0.2	0	0
ASV3622	56	56	0.0178571428571429	0	0
ASV2649	43	43	0.0232558139534884	0	0
ASV1508	10	9.97979589711327	0.0630573828093964	0	0
ASV2976	7	7	0.142857142857143	0	0
ASV4328	41	41	0.024390243902439	0	0
ASV1869	41	41	0.024390243902439	0	0
ASV336	3	2.95683228182749	0.338199770797262	2	0
ASV3689	56	56	0.0178571428571429	0	0
ASV3683	56	56	0.0178571428571429	0	0
ASV2562	2	2	0.5	0	0
ASV1428	2	2	0.5	0	0
ASV1104	6	5.97979589711327	0.0633803737192407	0	0
ASV3963	61	61	0.0163934426229508	0	1
ASV2557	7	7	0.142857142857143	0	0
ASV1014	5	4.95683228182749	0.0632986539362624	6.33333333333333	0
ASV236	41	41	0.024390243902439	0	0
ASV3629	56	56	0.0178571428571429	0	0
ASV36	2	2	0.5	0	0
ASV509	1	1	1	0	0
ASV4062	11	11	0.0909090909090909	0	0
ASV403	2	1.96747750735186	0.169421674244188	0	0
ASV471	7	7	0.142857142857143	0	0
ASV1470	51	51	0.0196078431372549	0	0
ASV1387	51	51	0.0196078431372549	0	0
ASV212	51	51	0.0196078431372549	0	0
ASV1379	51	51	0.0196078431372549	0	0
ASV154	3	2.9564058873621	0.338248548440101	2	0
ASV1395	1	1	1	0	0
ASV4251	41	41	0.024390243902439	0	0
ASV884	5	5	0.2	0	0
ASV47	7	6.95959179422654	0.0483635366634007	0	0
ASV4244	41	41	0.024390243902439	0	0
ASV76	2	2	0.5	0	0
ASV999	3	3	0.333333333333333	0	0
ASV220	1	0.985610760609162	0.338199770797262	0	0
ASV1575	3	2.95683228182749	0.112733256932421	8	0
ASV4269	41	41	0.024390243902439	0	0
ASV1502	51	51	0.0196078431372549	0	0
ASV310	1	0.985610760609162	0.0289889101017282	0	0
ASV329	5	4.97979589711327	0.0597466265212837	0	0
ASV3637	56	56	0.0178571428571429	0	0
ASV1193	5	5	0.2	0	0
ASV1402	9	9	0.111111111111111	0	0
ASV911	1	1	1	0	0
ASV1367	6	5.91366456365497	0.169099885398631	8	0
ASV2567	43	43	0.0232558139534884	0	0
ASV3940	61	61	0.0163934426229508	0	1
ASV3983	61	61	0.0163934426229508	0	1
ASV101	2	1.98561076060916	0.252727416472185	0	0
ASV4252	41	41	0.024390243902439	0	0
ASV2963	52	52	0.0192307692307692	0	0
ASV3395	61	61	0.0163934426229508	0	1
ASV133	2	1.97122152121832	0.0281836529219585	0	0
ASV936	52	52	0.0192307692307692	0	0
ASV3947	61	61	0.0163934426229508	0	1
ASV281	41	41	0.024390243902439	0	0
ASV4237	41	41	0.024390243902439	0	0
ASV2282	2	1.98373875367593	0.504098636046188	0	0
ASV1504	51	51	0.0196078431372549	0	0
ASV3694	56	56	0.0178571428571429	0	0
ASV3701	56	56	0.0178571428571429	0	0
ASV4255	41	41	0.024390243902439	0	0
ASV1396	51	51	0.0196078431372549	0	0
ASV1450	51	51	0.0196078431372549	0	0
ASV1410	51	51	0.0196078431372549	0	0
ASV943	5	5	0.2	0	0
ASV1416	1	1	1	0	0
ASV226	4	4	0.25	0	0
ASV1840	56	56	0.0178571428571429	0	0
ASV2352	52	52	0.0192307692307692	0	0
ASV3641	56	56	0.0178571428571429	0	0
ASV110	1	0.985610760609162	0.0922435568291311	0	0
ASV2297	4	4	0.25	0	0
ASV2911	52	52	0.0192307692307692	0	0
ASV505	1	0.985610760609162	0.0181191046517653	0	0
ASV3254	41	41	0.024390243902439	0	0
ASV3730	8	8	0.125	0	0
ASV1394	4	4	0.25	0	0
ASV372	4	4	0.25	0	0
ASV119	2	1.98561076060916	0.0779585516263831	0	0
ASV3636	56	56	0.0178571428571429	0	0
ASV2608	43	43	0.0232558139534884	0	0
ASV2632	43	43	0.0232558139534884	0	0
ASV631	4	3.98373875367593	0.126283453969786	0	0
ASV1409	51	51	0.0196078431372549	0	0
ASV2974	7	7	0.142857142857143	0	0
ASV52	2	1.98561076060916	0.252727416472185	0	0
ASV3073	7	7	0.142857142857143	0	0
ASV173	5	4.97122152121832	0.0722453653157482	2	0
ASV3002	52	52	0.0192307692307692	0	0
ASV2279	4	4	0.25	0	0
ASV1028	6	5.97979589711327	0.0633803737192407	0	0
ASV354	6	6	0.166666666666667	0	0
ASV2924	52	52	0.0192307692307692	0	0
ASV452	1	1	1	0	0
ASV2930	6	6	0.166666666666667	0	0
ASV416	1	0.985184366143778	0.202990116469607	0	0
ASV40	1	1	1	0	0
ASV1856	1	0.983738753675929	0.203306009093025	0	0
ASV474	6	5.97979589711327	0.0633803737192407	0	0
ASV16	2	2	0.5	0	0
ASV2646	7	7	0.142857142857143	0	0
ASV2904	52	52	0.0192307692307692	0	0
ASV2	10	9.97979589711327	0.0630573828093964	0	0
ASV2940	52	52	0.0192307692307692	0	0
ASV839	56	56	0.0178571428571429	0	0
ASV1572	10	9.91918358845309	0.0507172881150486	0	0
ASV2918	52	52	0.0192307692307692	0	0
ASV1458	51	51	0.0196078431372549	0	0
ASV2617	2	2	0.5	0	0
s__VTX00444	3	2.97122152121832	0.0844472034406785	0	0
s__VTX00435	2	2	0.5	0	0
s__VTX00350	8	7.95959179422654	0.0507172881150486	0	0
s__VTX00308	3	3	0.333333333333333	0	0
s__VTX00238	4	3.94244304243665	0.0235974695564599	49	0
s__VTX00063	61	61	0.0163934426229508	0	1
s__VTX00051	1	1	1	0	0
s__VTX00009	52	52	0.0192307692307692	0	0
s__VTX00008	1	1	1	0	0
s__VTX00005	1	1	1	0	0
BN1	2	1.971222	0.04228259	7	0
BN3	2	1.970795	0.1691365	4	0
BN4	1	0.9856108	0.2029199	0	0
BN5	1	1	1	0	0
BN6	1	0.9837388	1.01653	0	0
BN7	3	2.956406	0.04227573	17	0
BN9	1	0.9851844	0.06764971	0	0
BN10	4	3.942443	0.05340118	16	0
BN11	2	1.971222	0.07805389	0	0
FN2	1	0.9856108	0.06764191	0	0
FN3	1	0.9856108	1.014599	0	0
FN4	1	0.9856108	0.3381998	0	0
FN5	1	0.9856108	0.05968231	0	0
FN6	1	0.9856108	0.1014731	0	0
