node_id	degree	weight_degree	closeness_centrality	betweenness_centrality	eigenvector_centrality
PASV1	2	1.98561076060916	0.112550683311801	0	0
PASV3	3	3	0.333333333333333	0	0
PASV5	1	0.985610760609162	0.0161072949839868	0	0
PASV8	1	1	1	0	0
PASV9	4	3.95683228182749	0.067576132138872	8	0
PASV19	1	0.985610760609162	0.338199770797262	0	0
PASV13	4	3.95683228182749	0.101312022652404	4.5	0
PASV11	1	0.985610760609162	1.01459931239178	0	0
PASV20	1	0.985610760609162	1.01459931239178	0	0
PASV30	3	2.97122152121832	0.20234654620407	1	0
PASV16	2	1.98561076060916	0.112550683311801	0	0
PASV15	1	0.985610760609162	1.01459931239178	0	0
PASV17	1	0.985610760609162	0.0563679832379044	0	0
PASV41	3	2.95683228182749	0.126831772786737	4	0
PASV24	5	4.94244304243665	0.0225417220140358	21.5	0
PASV25	2	2	0.5	0	0
PASV23	1	1	1	0	0
PASV28	1	0.985610760609162	1.01459931239178	0	0
PASV42	3	2.95683228182749	0.112733256932421	0	0
PASV44	3	2.97122152121832	0.0230525596774874	0	0
PASV35	4	3.95683228182749	0.168689427124667	2	0
PASV54	2	1.97122152121832	0.0253680008502706	56	0
PASV179	1	0.985610760609162	0.338199770797262	0	0
PASV78	6	5.95683228182749	0.0375168944372669	8.75	0
PASV45	1	0.985610760609162	1.01459931239178	0	0
PASV87	1	0.985610760609162	0.338248548440101	0	0
PASV29	2	1.98561076060916	0.0844472034406785	0	0
PASV56	2	1.97122152121832	0.144951717333687	0	0
PASV36	1	0.985610760609162	0.202937421416788	0	0
PASV93	1	0.985610760609162	0.126831772786737	0	0
PASV34	3	2.98561076060916	0.0919921153756259	0	0
PASV50	1	0.985610760609162	0.169099885398631	0	0
PASV111	1	1	1	0	0
PASV58	1	0.985610760609162	0.202919862478357	0	0
PASV74	2	1.97122152121832	0.0724736189924908	5	0
PASV52	3	2.98561076060916	0.0184381968367462	0	0
PASV100	4	3.94244304243665	0.0563666284662103	20	0
PASV48	3	2.97122152121832	0.144650014295287	2	0
PASV73	2	1.97122152121832	0.0149216223769098	0	0
PASV69	2	1.97122152121832	0.253649828097946	0	0
PASV81	2	2	0.5	0	0
PASV153	1	0.985610760609162	1.01459931239178	0	0
PASV38	4	3.98561076060916	0.25090257430135	0	0
PASV80	3	2.97122152121832	0.0921140464229441	0	0
PASV122	2	1.98561076060916	0.0147035315480385	0	0
PASV99	1	1	1	0	0
PASV105	4	3.98561076060916	0.25090257430135	0	0
PASV60	3	2.98561076060916	0.334939843195088	0	0
PASV90	2	1.97122152121832	0.0289903434667375	40	0
PASV47	1	1	1	0	0
PASV67	1	1	1	0	0
PASV57	4	3.95683228182749	0.0116601044009783	40.5	0
PASV112	1	0.985610760609162	0.202919862478357	0	0
PASV76	3	3	0.333333333333333	0	0
PASV64	6	5.94244304243665	0.168280956646739	2	0
PASV218	1	0.985610760609162	1.01459931239178	0	0
PASV72	1	0.985184366143778	0.0422818308293475	0	0
PASV102	2	1.98561076060916	0.0779611431401441	0	0
PASV92	5	4.97122152121832	0.144041513036169	0.5	0
PASV66	4	3.97122152121832	0.0326982119216384	2.33333333333333	0
PASV88	4	3.95683228182749	0.067576132138872	8	0
PASV53	13	13	0.0769230769230769	0	0
PASV157	1	0.985610760609162	0.0845499426993154	0	0
PASV96	2	2	0.5	0	0
PASV170	3	2.97122152121832	0.0440858591984797	0	0
PASV75	5	4.94244304243665	0.0225417220140358	21.5	0
PASV135	2	2	0.5	0	0
PASV176	3	2.97122152121832	0.20234654620407	1	0
PASV139	3	2.97122152121832	0.144641093126934	1.5	0
PASV252	3	2.95683228182749	0.0101459931239178	39	0
PASV71	1	0.985610760609162	0.00818225251928859	0	0
PASV149	3	2.9564058873621	0.202937421416788	5	0
PASV190	1	0.985610760609162	0.338199770797262	0	0
PASV374	1	1	1	0	0
PASV165	2	1.96747750735186	0.508265022732564	0	0
PASV207	1	1	1	0	0
PASV95	3	2.97122152121832	0.0440858591984797	0	0
PASV133	3	2.98561076060916	0.334939843195088	0	0
PASV119	4	3.95683228182749	0.168689427124667	2	0
PASV151	3	2.97122152121832	0.12659389107863	0	0
PASV5568	15	15	0.0666666666666667	0	0
PASV115	2	1.97122152121832	0.0120785632427593	54	0
PASV180	3	2.95683228182749	0.0307474491553639	42	0
PASV132	2	2	0.5	0	0
PASV146	2	1.98561076060916	0.50362337867932	0	0
PASV284	3	2.95683228182749	0.00975576261915177	20	0
PASV155	1	1	1	0	0
PASV208	2	2	0.5	0	0
PASV120	1	0.985610760609162	0.338199770797262	0	0
PASV344	2	1.98561076060916	0.0844472034406785	0	0
PASV140	1	1	1	0	0
PASV614	3	2.97122152121832	0.144641093126934	1.5	0
PASV324	3	2.98561076060916	0.0778711984988746	0	0
PASV2373	2	1.97122152121832	0.253649828097946	2	0
PASV379	1	1	1	0	1.62586351698633e-18
PASV107	3	3	0.333333333333333	0	0
PASV237	3	2.95121626102779	0.127066255683141	4	0
PASV137	1	0.985610760609162	0.338199770797262	0	0
PASV143	2	1.97122152121832	0.507299656195892	1	0
PASV189	1	0.985184366143778	0.338297340155106	0	0
PASV212	5	4.92762740858043	0.0780642859488786	13	0
PASV172	3	2.97122152121832	0.144641093126934	1.5	0
PASV117	2	1.98561076060916	0.50362337867932	0	0
PASV234	3	2.97122152121832	0.0779611431401441	0	0
PASV125	4	3.95683228182749	0.12659389107863	3	0
PASV164	1	0.985610760609162	0.101481882761461	0	0
PASV163	6	5.91366456365497	0.0349861831859236	40	0
PASV259	5	4.92805380304581	0.144942758913112	5	0
PASV98	2	1.98561076060916	0.50362337867932	0	0
PASV167	4	3.94244304243665	0.126831772786737	8	0
PASV222	1	0.985610760609162	0.338199770797262	0	0
PASV437	1	0.985610760609162	0.0181193846283632	0	0
PASV346	2	1.97122152121832	0.0507299656195892	18	0
PASV262	2	1.98561076060916	0.0921140464229441	0	0
PASV373	1	0.985610760609162	0.112744095887516	0	0
PASV124	2	1.97122152121832	0.0260168099818589	36	0
PASV174	3	2.97122152121832	0.027410787398477	11	0
PASV264	5	4.97122152121832	0.144041513036169	0.5	0
PASV214	3	2.98561076060916	0.0184381968367462	0	0
PASV299	4	3.94244304243665	0.169099885398631	6	0
PASV109	2	2	0.5	0	0
PASV318	1	1	1	0	0
PASV219	6	5.95683228182749	0.0375168944372669	8.75	0
PASV270	1	0.985610760609162	0.0090589224320695	0	0
PASV142	3	2.97122152121832	0.20234654620407	1	0
PASV583	4	3.94244304243665	0.169099885398631	6	0
PASV401	3	2.97122152121832	0.12659389107863	1.5	0
PASV478	1	0.985610760609162	1.01459931239178	0	0
PASV230	2	1.98561076060916	0.168689427124667	0	0
PASV162	1	1	1	0	0
PASV175	2	1.97036873228756	0.169148670077553	4	0
PASV386	2	1.97122152121832	0.0422749713496577	14	0
PASV154	4	3.94201664797126	0.0253680008502706	62	0
PASV290	1	0.985610760609162	1.01459931239178	0	0
PASV228	3	2.95683228182749	0.101464320783869	9	0
PASV223	1	0.985610760609162	1.01459931239178	0	0
PASV2404	4	4	0.25	0	0
PASV195	2	1.97122152121832	0.00922363011265259	20	0
PASV246	1	1	1	0	2.68728749435322e-19
PASV171	1	0.985610760609162	0.112738676149448	0	0
PASV3220	2	2	0.5	0	0
PASV240	1	0.985610760609162	0.169099885398631	0	0
PASV220	3	2.97122152121832	0.0211310586138732	0	0
PASV3230	5	4.94244304243665	0.0596326185529579	6	0
PASV519	5	4.94201664797126	0.0298302452075527	20.5	0
PASV226	2	1.97122152121832	0.507299656195892	0	0
PASV263	1	1	1	0	0
PASV297	2	1.98561076060916	0.50362337867932	0	0
PASV168	2	1.98561076060916	0.00838410669585955	0	0
PASV261	2	1.98561076060916	0.0533674630934027	0	0
PASV415	2	2	0.5	0	0
PASV1114	1	1	1	0	0
PASV210	2	1.97122152121832	0.253649828097946	2	0
PASV121	4	3.94159025350588	0.0181213447068422	38	0
PASV242	1	0.985610760609162	0.202937421416788	0	0
PASV302	2	2	0.5	0	0
PASV273	1	1	1	0	0
PASV239	1	0.985610760609162	0.0090589224320695	0	0
PASV333	4	3.98561076060916	0.25090257430135	0	0
PASV701	3	2.97122152121832	0.336561913293479	0.5	0
PASV355	1	0.985184366143778	1.0150384378451	0	0
PASV475	6	5.91366456365497	0.0349861831859236	40	0
PASV4085	5	5	0.2	0	0
PASV498	1	0.985610760609162	1.01459931239178	0	0
PASV202	1	0.985610760609162	1.01459931239178	0	0
PASV249	1	0.985610760609162	0.0724713794565561	0	0
PASV152	1	0.985610760609162	1.01459931239178	0	0
PASV329	1	0.983738753675929	1.01653004546513	0	0
PASV314	2	1.97079512675294	0.144987562092519	3	0
PASV232	3	2.95555309843133	0.0247497196621798	22	0
PASV643	2	1.98561076060916	0.252727416472185	0	0
PASV254	6	5.95683228182749	0.0375168944372669	8.75	0
PASV312	1	0.985610760609162	0.338199770797262	0	0
PASV272	4	3.94244304243665	0.0110282533955629	73	0
PASV181	2	1.97122152121832	0.507299656195892	1	0
PASV476	1	0.983738753675929	0.0847108371220939	0	0
PASV2429	2	2	0.5	0	0
PASV376	1	1	1	0	2.50288177818221e-18
PASV278	1	1	1	0	0
PASV350	3	2.97122152121832	0.336561913293479	0.5	0
PASV267	2	1.97036873228756	0.0211407248443722	44	0
PASV183	1	0.985610760609162	0.0724713794565561	0	0
PASV200	1	0.985610760609162	0.202937421416788	0	0
PASV315	4	3.94244304243665	0.0422749713496577	8	0
PASV2391	2	2	0.5	0	0
PASV494	3	2.97122152121832	0.0230525596774874	0	0
PASV358	3	3	0.333333333333333	0	0
PASV166	2	2	0.5	0	0
PASV321	2	1.98561076060916	0.0533674630934027	0	0
PASV4813	15	15	0.0666666666666667	0	0
PASV425	2	2	0.5	0	0
PASV158	3	2.95683228182749	0.338199770797262	0	0
PASV5561	44	44	0.0227272727272727	0	2.98043869769969e-15
PASV424	1	0.985610760609162	1.01459931239178	0	0
PASV300	4	3.94244304243665	0.253649828097946	4	0
PASV562	1	1	1	0	0
PASV266	1	0.983738753675929	0.169421674244188	0	0
PASV496	1	0.985610760609162	1.01459931239178	0	0
PASV236	2	1.98561076060916	0.112550683311801	0	0
PASV878	2	1.97122152121832	0.16912427422005	3	0
PASV248	3	2.95597949289672	0.20295498339428	4	0
PASV332	1	0.985610760609162	0.169099885398631	0	0
PASV352	5	4.97122152121832	0.144041513036169	0.5	0
PASV4080	6	6	0.166666666666667	0	0
PASV4079	5	5	0.2	0	0
PASV161	1	1	1	0	2.70302274077436e-19
PASV506	2	1.97122152121832	0.112733256932421	4	0
PASV435	1	0.985610760609162	0.169099885398631	0	0
PASV461	2	1.97122152121832	0.253649828097946	2	0
PASV567	6	5.94244304243665	0.168280956646739	2	0
PASV362	3	2.97122152121832	0.12659389107863	0	0
PASV410	2	1.98373875367593	0.168956198636675	0	0
PASV265	1	0.985610760609162	1.01459931239178	0	0
PASV381	2	2	0.5	0	0
PASV283	2	1.98561076060916	0.168689427124667	0	0
PASV217	1	0.985610760609162	0.0534011797255333	0	0
PASV194	1	1	1	0	0
PASV492	3	2.95683228182749	0.338199770797262	2	0
PASV591	3	2.95683228182749	0.0215872194125912	13	0
PASV357	2	1.97122152121832	0.0298411562468172	16	0
PASV421	1	0.985610760609162	0.0169099885398631	0	0
PASV508	2	1.98561076060916	0.168689427124667	0	0
PASV349	3	2.9564058873621	0.338248548440101	3	0
PASV191	6	6	0.166666666666667	0	0
PASV755	4	3.95683228182749	0.027410787398477	11	0
PASV584	6	5.94244304243665	0.168280956646739	2	0
PASV215	3	2.98561076060916	0.334939843195088	0	0
PASV335	1	0.985184366143778	1.0150384378451	0	8.3853656624735e-19
PASV919	1	1	1	0	0
PASV229	1	1	1	0	0
PASV3242	2	2	0.5	0	0
PASV455	2	1.97122152121832	0.253649828097946	2	0
PASV596	1	0.985610760609162	1.01459931239178	0	0
PASV306	4	3.95683228182749	0.0184439602662916	6.5	0
PASV411	2	1.98561076060916	0.252727416472185	0	0
PASV393	2	1.97122152121832	0.253649828097946	2	0
PASV4816	15	15	0.0666666666666667	0	0
PASV769	1	1	1	0	0
PASV247	1	1	1	0	0
PASV747	3	2.97122152121832	0.20234654620407	1	0
PASV510	1	0.985610760609162	0.338248548440101	0	0
PASV389	1	0.985610760609162	0.112738676149448	0	0
PASV235	2	1.97122152121832	0.507299656195892	0	0
PASV2379	4	3.94201664797126	0.112738676149448	11	0
PASV448	7	7	0.142857142857143	0	0
PASV563	4	3.95683228182749	0.027410787398477	11	0
PASV539	5	4.97122152121832	0.144041513036169	0.5	0
PASV431	2	1.97122152121832	0.092239928835143	8	0
PASV380	1	0.985610760609162	0.0724713794565561	0	0
PASV685	4	3.94244304243665	0.0390230504766071	24	0
PASV334	2	1.97122152121832	0.0390230504766071	24	0
PASV233	2	2	0.5	0	0
PASV378	1	1	1	0	0
PASV505	1	0.985610760609162	1.01459931239178	0	0
PASV366	4	3.93495501470372	0.254132511366282	4	0
PASV481	3	3	0.333333333333333	0	0
PASV253	3	2.97122152121832	0.0211310586138732	0	0
PASV397	2	1.97079512675294	0.092254442523659	1.5	0
PASV348	2	1.98561076060916	0.252727416472185	0	0
PASV493	1	0.983738753675929	1.01653004546513	0	0
PASV808	3	2.98373875367593	0.201970575971654	0	0
PASV522	5	4.92805380304581	0.112733256932421	12	0
PASV138	9	9	0.111111111111111	0	0
PASV527	3	2.95683228182749	0.112733256932421	0	0
PASV440	9	9	0.111111111111111	0	0
PASV873	3	2.97079512675294	0.0844502443098884	2	0
PASV834	2	1.98373875367593	0.168956198636675	0	0
PASV718	1	0.985184366143778	0.126852353451826	0	0
PASV369	2	1.98561076060916	0.00838410669585955	0	0
PASV594	1	1	1	0	4.38781021337847e-18
PASV456	1	0.985610760609162	1.01459931239178	0	0
PASV295	1	0.985610760609162	0.202919862478357	0	0
PASV547	2	1.97122152121832	0.101459931239178	0	0
PASV866	1	1	1	0	0
PASV610	3	2.95683228182749	0.112733256932421	9	0
PASV365	1	0.985610760609162	0.0922363011265259	0	0
PASV711	2	1.97122152121832	0.507299656195892	1	0
PASV341	3	2.98561076060916	0.334939843195088	0	0
PASV548	3	2.95683228182749	0.338199770797262	0	0
PASV609	2	2	0.5	0	0
PASV882	4	3.98561076060916	0.25090257430135	0	0
PASV413	1	0.985610760609162	0.0202919862478357	0	0
PASV303	2	1.98373875367593	0.168956198636675	0	0
PASV5560	44	44	0.0227272727272727	0	2.90466483250394e-15
PASV383	1	1	1	0	0
PASV243	1	1	1	0	0
PASV442	1	1	1	0	0
PASV556	1	1	1	0	0
PASV1025	2	1.97122152121832	0.101464320783869	8	0
PASV343	7	7	0.142857142857143	0	0
PASV2419	1	0.985610760609162	1.01459931239178	0	7.17810387529095e-19
PASV716	2	1.98373875367593	0.168956198636675	0	0
PASV204	1	0.985184366143778	0.0845651862623372	0	0
PASV600	3	2.95683228182749	0.338199770797262	0	0
PASV274	2	2	0.5	0	0
PASV536	9	9	0.111111111111111	0	0
PASV269	3	3	0.333333333333333	0	0
PASV351	2	2	0.5	0	0
PASV3213	24	24	0.0416666666666667	0	0
PASV757	2	1.98373875367593	0.504098636046188	0	0
PASV5557	6	6	0.166666666666667	0	0
PASV906	3	2.95683228182749	0.0144942758913112	134	0
PASV416	2	2	0.5	0	0
PASV490	3	3	0.333333333333333	0	0
PASV439	2	1.98373875367593	0.504098636046188	0	0
PASV815	1	1	1	0	0
PASV633	1	0.985610760609162	1.01459931239178	0	0
PASV434	6	6	0.166666666666667	0	0
PASV340	7	7	0.142857142857143	0	0
PASV390	1	0.985184366143778	0.126852353451826	0	0
PASV532	1	0.983738753675929	1.01653004546513	0	0
PASV2434	1	1	1	0	0
PASV364	7	7	0.142857142857143	0	0
PASV407	3	2.9564058873621	0.1127495161467	6.5	0
PASV384	2	1.97122152121832	0.253649828097946	2	0
PASV721	6	6	0.166666666666667	0	0
PASV488	8	8	0.125	0	0
PASV543	2	2	0.5	0	0
PASV286	1	0.983738753675929	1.01653004546513	0	0
PASV589	3	2.98373875367593	0.201970575971654	0	0
PASV917	2	1.97122152121832	0.507299656195892	1	0
PASV288	9	9	0.111111111111111	0	0
PASV326	4	3.97122152121832	0.0506560113262019	3.33333333333333	0
PASV4092	5	5	0.2	0	0
PASV382	2	1.98373875367593	0.504098636046188	0	0
PASV405	1	1	1	0	0
PASV813	1	0.985610760609162	0.338199770797262	0	0
PASV504	2	1.98561076060916	0.50362337867932	0	0
PASV565	3	2.9564058873621	0.202937421416788	5	0
PASV227	1	1	1	0	2.01427344248202e-18
PASV4866	15	15	0.0666666666666667	0	0
PASV530	9	9	0.111111111111111	0	0
PASV367	3	2.95121626102779	0.127066255683141	4	0
PASV391	4	3.95683228182749	0.0116601044009783	40.5	0
PASV3231	5	5	0.2	0	0
PASV452	2	1.96747750735186	0.254132511366282	2	0
PASV3223	2	2	0.5	0	0
PASV2395	2	1.98373875367593	0.504098636046188	0	0
PASV4076	6	6	0.166666666666667	0	0
PASV644	2	1.98561076060916	0.252727416472185	0	0
PASV238	50	50	0.02	0	0
PASV749	3	2.97122152121832	0.144650014295287	2	0
PASV559	2	1.97122152121832	0.101459931239178	0	0
PASV578	1	0.985610760609162	0.0110282533955629	0	0
PASV612	2	1.97122152121832	0.169112078930021	3	0
PASV430	1	1	1	0	0
PASV669	8	8	0.125	0	0
PASV766	1	0.985610760609162	0.202937421416788	0	0
PASV697	2	1.97122152121832	0.0126824914048973	80	0
PASV471	1	0.983738753675929	1.01653004546513	0	0
PASV597	6	6	0.166666666666667	0	0
PASV353	8	8	0.125	0	0
PASV4821	15	15	0.0666666666666667	0	0
PASV185	50	50	0.02	0	0
PASV698	1	0.983738753675929	0.338843348488376	0	0
PASV338	6	6	0.166666666666667	0	0
PASV518	2	1.98561076060916	0.252727416472185	0	0
PASV6948	52	52	0.0192307692307692	0	1
PASV638	1	1	1	0	0
PASV531	4	3.93495501470372	0.254132511366282	4	0
PASV2432	2	2	0.5	0	0
PASV3237	2	2	0.5	0	0
PASV4093	6	6	0.166666666666667	0	0
PASV385	1	1	1	0	0
PASV997	2	1.96747750735186	0.508265022732564	1	1.28318771967833e-18
PASV2374	45	45	0.0222222222222222	0	1.84383071976337e-15
PASV801	3	2.98373875367593	0.201970575971654	0	0
PASV636	2	1.97122152121832	0.507299656195892	1	0
PASV449	2	1.98373875367593	0.168956198636675	0	0
PASV216	50	50	0.02	0	0
PASV375	13	13	0.0769230769230769	0	0
PASV356	8	8	0.125	0	0
PASV791	1	0.985610760609162	1.01459931239178	0	0
PASV2390	6	6	0.166666666666667	0	0
PASV377	7	7	0.142857142857143	0	0
PASV746	1	1	1	0	0
PASV560	3	2.96747750735186	0.144876461566943	2	0
PASV1010	3	2.9564058873621	0.202937421416788	3	0
PASV785	2	2	0.5	0	0
PASV552	2	1.97036873228756	0.0634227462440213	0	0
PASV4822	15	15	0.0666666666666667	0	0
PASV2422	4	4	0.25	0	0
PASV2508	2	1.97122152121832	0.0922363011265259	0	0
PASV472	8	8	0.125	0	0
PASV582	1	0.985610760609162	1.01459931239178	0	0
PASV673	8	8	0.125	0	0
PASV566	1	0.985184366143778	0.338346145948368	0	0
PASV4139	2	1.98373875367593	0.25308662799942	0	0
PASV2563	4	4	0.25	0	0
PASV1593	1	0.985610760609162	0.169099885398631	0	0
PASV4835	15	15	0.0666666666666667	0	0
PASV690	8	8	0.125	0	0
PASV5565	44	44	0.0227272727272727	0	3.00569665276494e-15
PASV713	4	3.94244304243665	0.126824914048973	8	0
PASV2418	5	5	0.2	0	0
PASV4105	6	6	0.166666666666667	0	0
PASV360	8	8	0.125	0	0
PASV322	3	3	0.333333333333333	0	0
PASV623	3	2.9564058873621	0.126831772786737	4	0
PASV2528	1	0.985184366143778	0.126852353451826	0	0
PASV538	2	1.98373875367593	0.504098636046188	0	0
PASV659	2	1.97036873228756	0.0724892996204602	9	0
PASV451	9	9	0.111111111111111	0	0
PASV772	1	1	1	0	0
PASV926	1	0.985610760609162	1.01459931239178	0	0
PASV2394	4	4	0.25	0	0
PASV2382	1	1	1	0	0
PASV2427	2	1.96747750735186	0.508265022732564	0	0
PASV275	50	50	0.02	0	0
PASV928	2	1.96747750735186	0.254132511366282	2	0
PASV2436	4	4	0.25	0	0
PASV347	2	1.97036873228756	0.0845682356345506	2	0
PASV4081	28	28	0.0357142857142857	0	2.73496294690928e-16
PASV667	6	6	0.166666666666667	0	0
PASV574	3	2.97122152121832	0.12659389107863	1.5	0
PASV827	6	6	0.166666666666667	0	0
PASV598	4	3.94201664797126	0.0634141716625633	20	0
PASV2558	2	1.97122152121832	0.0676399541594523	0	0
PASV752	3	2.95683228182749	0.112733256932421	0	0
PASV4828	44	44	0.0227272727272727	0	2.90466483250394e-15
PASV526	9	9	0.111111111111111	0	0
PASV637	2	1.96747750735186	0.508265022732564	0	0
PASV821	4	3.97122152121832	0.0506560113262019	3.33333333333333	0
PASV445	1	1	1	0	0
PASV4077	28	28	0.0357142857142857	0	3.42166360024581e-16
PASV2398	3	3	0.333333333333333	0	0
PASV2377	45	45	0.0222222222222222	0	1.74279889950236e-15
PASV2378	45	45	0.0222222222222222	0	1.81857276469812e-15
PASV852	2	1.98373875367593	0.168956198636675	0	0
PASV1032	1	1	1	0	0
PASV4107	3	3	0.333333333333333	0	0
PASV900	3	2.96747750735186	0.144876461566943	2	0
PASV2454	4	4	0.25	0	0
PASV3216	24	24	0.0416666666666667	0	0
PASV5562	44	44	0.0227272727272727	0	2.95518074263444e-15
PASV963	7	7	0.142857142857143	0	0
PASV5563	44	44	0.0227272727272727	0	3.0309546078302e-15
PASV767	6	6	0.166666666666667	0	0
PASV5567	44	44	0.0227272727272727	0	2.98043869769969e-15
PASV3227	24	24	0.0416666666666667	0	0
PASV5564	44	44	0.0227272727272727	0	3.00569665276494e-15
PASV2536	1	0.985184366143778	0.126852353451826	0	0
PASV2380	45	45	0.0222222222222222	0	1.79331480963287e-15
PASV2381	45	45	0.0222222222222222	0	1.71754094443711e-15
PASV5566	44	44	0.0227272727272727	0	2.98043869769969e-15
PASV6951	52	52	0.0192307692307692	0	1
PASV4098	6	6	0.166666666666667	0	0
PASV4118	5	5	0.2	0	0
PASV3222	24	24	0.0416666666666667	0	0
PASV4123	3	3	0.333333333333333	0	0
PASV4512	1	0.983738753675929	0.203306009093025	0	0
PASV4155	3	3	0.333333333333333	0	0
PASV2383	45	45	0.0222222222222222	0	1.69228298937186e-15
PASV3224	24	24	0.0416666666666667	0	0
PASV6954	52	52	0.0192307692307692	0	0.999999999999999
PASV3225	24	24	0.0416666666666667	0	0
PASV6955	52	52	0.0192307692307692	0	0.999999999999999
PASV5569	44	44	0.0227272727272727	0	3.0814705179607e-15
PASV3226	24	24	0.0416666666666667	0	0
PASV5572	44	44	0.0227272727272727	0	3.00569665276494e-15
PASV3233	24	24	0.0416666666666667	0	0
ASV364	28	28	0.0357142857142857	0	3.01122183043547e-16
ASV901	3	3	0.333333333333333	0	0
ASV28	3	2.97122152121832	0.0779611431401441	0	0
ASV613	2	1.97122152121832	0.0174945269932164	0	0
ASV1601	1	0.983738753675929	1.01653004546513	0	0
ASV953	5	5	0.2	0	0
ASV893	52	52	0.0192307692307692	0	0.999999999999999
ASV87	4	3.95683228182749	0.12659389107863	3	0
ASV148	3	2.98561076060916	0.334939843195088	0	0
ASV130	2	1.97122152121832	0.253649828097946	2	0
ASV4616	45	45	0.0222222222222222	0	1.74279889950236e-15
ASV1130	15	15	0.0666666666666667	0	0
ASV1455	44	44	0.0227272727272727	0	2.92992278756919e-15
ASV621	1	1	1	0	0
ASV1936	13	13	0.0769230769230769	0	0
ASV1170	1	0.983738753675929	1.01653004546513	0	0
ASV2332	50	50	0.02	0	0
ASV373	4	3.94244304243665	0.0274216030376158	0	0
ASV1041	3	3	0.333333333333333	0	0
ASV2260	50	50	0.02	0	0
ASV1383	2	1.98373875367593	0.168956198636675	0	0
ASV163	6	6	0.166666666666667	0	0
ASV2359	50	50	0.02	0	0
ASV125	2	1.98561076060916	0.168689427124667	0	0
ASV95	1	1	1	0	0
ASV146	1	1	1	0	6.61611479989273e-19
ASV1007	2	1.96747750735186	0.508265022732564	0	0
ASV928	52	52	0.0192307692307692	0	1
ASV2328	50	50	0.02	0	0
ASV2046	13	13	0.0769230769230769	0	0
ASV3263	24	24	0.0416666666666667	0	0
ASV1456	1	1	1	0	0
ASV860	6	6	0.166666666666667	0	0
ASV175	1	0.985610760609162	1.01459931239178	0	0
ASV2310	50	50	0.02	0	0
ASV270	28	28	0.0357142857142857	0	3.20953624325248e-16
ASV2934	45	45	0.0222222222222222	0	1.79331480963287e-15
ASV1820	7	7	0.142857142857143	0	0
ASV115	1	0.985610760609162	0.101481882761461	0	0
ASV166	3	2.95683228182749	0.0130076834922024	98	0
ASV1424	44	44	0.0227272727272727	0	2.90466483250394e-15
ASV2305	50	50	0.02	0	0
ASV321	1	1	1	0	0
ASV120	2	1.98561076060916	0.50362337867932	0	0
ASV2349	50	50	0.02	0	0
ASV445	3	2.98561076060916	0.0919921153756259	0	0
ASV879	2	1.98373875367593	0.504098636046188	0	0
ASV4622	45	45	0.0222222222222222	0	1.66702503430661e-15
ASV1037	52	52	0.0192307692307692	0	0.999999999999999
ASV4591	45	45	0.0222222222222222	0	1.76805685456761e-15
ASV61	3	2.95683228182749	0.126824914048973	7	0
ASV706	1	0.983738753675929	0.338843348488376	0	0
ASV3265	24	24	0.0416666666666667	0	0
ASV66	5	4.92762740858043	0.0780642859488786	13	0
ASV4590	45	45	0.0222222222222222	0	1.81857276469812e-15
ASV228	2	1.97122152121832	0.126824914048973	6	0
ASV2330	50	50	0.02	0	0
ASV303	28	28	0.0357142857142857	0	3.10495252306043e-16
ASV124	3	2.95683228182749	0.126824914048973	6	0
ASV1077	2	1.98373875367593	0.504098636046188	0	0
ASV2354	50	50	0.02	0	0
ASV547	1	0.983738753675929	1.01653004546513	0	0
ASV968	5	5	0.2	0	0
ASV492	1	1	1	0	0
ASV1853	44	44	0.0227272727272727	0	2.98043869769969e-15
ASV2345	50	50	0.02	0	0
ASV922	52	52	0.0192307692307692	0	0.999999999999999
ASV2341	1	1	1	0	0
ASV944	1	1	1	0	0
ASV1982	1	1	1	0	8.85527447803799e-19
ASV147	1	1	1	0	0
ASV1919	13	13	0.0769230769230769	0	0
ASV925	15	15	0.0666666666666667	0	0
ASV2267	6	6	0.166666666666667	0	0
ASV2371	50	50	0.02	0	0
ASV1136	2	1.98373875367593	0.504098636046188	0	0
ASV89	1	0.985610760609162	0.338199770797262	0	0
ASV2275	50	50	0.02	0	0
ASV207	2	1.98561076060916	0.0779611431401441	0	0
ASV266	4	3.94244304243665	0.253649828097946	0	0
ASV224	1	0.985610760609162	0.0845499426993154	0	0
ASV861	52	52	0.0192307692307692	0	0.999999999999999
ASV1507	4	4	0.25	0	0
ASV234	5	5	0.2	0	0
ASV69	1	1	1	0	0
ASV838	1	0.983738753675929	0.338843348488376	0	0
ASV1870	1	1	1	0	0
ASV2070	13	13	0.0769230769230769	0	0
ASV2285	50	50	0.02	0	0
ASV242	28	28	0.0357142857142857	0	2.53960845070147e-16
ASV245	28	28	0.0357142857142857	0	2.98852913643153e-16
ASV411	28	28	0.0357142857142857	0	3.16612413298408e-16
ASV181	2	1.97079512675294	0.507409413807304	1	0
ASV2262	6	6	0.166666666666667	0	0
ASV1089	15	15	0.0666666666666667	0	0
ASV4600	45	45	0.0222222222222222	0	1.86908867482862e-15
ASV987	1	0.983738753675929	1.01653004546513	0	0
ASV837	3	2.9564058873621	0.338248548440101	3	0
ASV2346	50	50	0.02	0	0
ASV117	1	0.983738753675929	1.01653004546513	0	0
ASV1846	44	44	0.0227272727272727	0	3.0814705179607e-15
ASV1859	44	44	0.0227272727272727	0	2.98043869769969e-15
ASV240	5	5	0.2	0	0
ASV83	1	0.985610760609162	0.00845499426993154	0	0
ASV962	3	3	0.333333333333333	0	0
ASV918	2	1.97122152121832	0.078048698291005	5	0
ASV2314	50	50	0.02	0	0
ASV614	1	0.985610760609162	0.169099885398631	0	0
ASV654	6	6	0.166666666666667	0	0
ASV345	1	0.985610760609162	1.01459931239178	0	0
ASV2630	45	45	0.0222222222222222	0	1.84383071976337e-15
ASV341	1	1	1	0	0
ASV319	1	0.985610760609162	0.0338204647928472	0	0
ASV301	1	1	1	0	2.17186110912124e-18
ASV29	3	2.98561076060916	0.0778711984988746	0	0
ASV1035	6	6	0.166666666666667	0	0
ASV2357	50	50	0.02	0	0
ASV1975	13	13	0.0769230769230769	0	0
ASV947	52	52	0.0192307692307692	0	1
ASV211	2	1.98561076060916	0.0844502443098884	0	0
ASV910	2	1.96747750735186	0.508265022732564	0	0
ASV268	28	28	0.0357142857142857	0	3.34963896275505e-16
ASV4609	45	45	0.0222222222222222	0	1.84383071976337e-15
ASV2336	50	50	0.02	0	0
ASV1365	45	45	0.0222222222222222	0	1.76805685456761e-15
ASV3278	24	24	0.0416666666666667	0	0
ASV4602	45	45	0.0222222222222222	0	1.79331480963287e-15
ASV4613	45	45	0.0222222222222222	0	1.81857276469812e-15
ASV1847	6	6	0.166666666666667	0	0
ASV2388	6	6	0.166666666666667	0	0
ASV1884	7	7	0.142857142857143	0	0
ASV920	52	52	0.0192307692307692	0	0.999999999999999
ASV1398	13	13	0.0769230769230769	0	0
ASV250	28	28	0.0357142857142857	0	3.334839379709e-16
ASV932	15	15	0.0666666666666667	0	0
ASV2939	45	45	0.0222222222222222	0	1.89434662989387e-15
ASV2565	45	45	0.0222222222222222	0	1.74279889950236e-15
ASV1018	1	1	1	0	0
ASV31	1	0.985610760609162	0.126831772786737	0	0
ASV973	52	52	0.0192307692307692	0	0.999999999999999
ASV1880	44	44	0.0227272727272727	0	2.95518074263444e-15
ASV277	6	5.95683228182749	0.0375168944372669	8.75	0
ASV1082	2	1.96747750735186	0.508265022732564	1	0
ASV3269	24	24	0.0416666666666667	0	0
ASV3297	5	5	0.2	0	0
ASV129	1	0.985610760609162	0.0845499426993154	0	0
ASV897	52	52	0.0192307692307692	0	0.999999999999999
ASV215	1	1	1	0	0
ASV174	1	0.983738753675929	1.01653004546513	0	0
ASV314	1	1	1	0	0
ASV171	2	2	0.5	0	0
ASV1878	44	44	0.0227272727272727	0	3.0309546078302e-15
ASV854	52	52	0.0192307692307692	0	0.999999999999999
ASV951	52	52	0.0192307692307692	0	1
ASV65	2	1.98561076060916	0.0533674630934027	0	0
ASV946	52	52	0.0192307692307692	0	0.999999999999999
ASV4	1	1	1	0	0
ASV27	4	3.97122152121832	0.0326982119216384	2.33333333333333	0
ASV1646	45	45	0.0222222222222222	0	1.81857276469812e-15
ASV262	1	0.985610760609162	0.0845529909722597	0	0
ASV260	6	6	0.166666666666667	0	0
ASV158	1	1	1	0	2.44871088553851e-18
ASV1823	13	13	0.0769230769230769	0	0
ASV325	28	28	0.0357142857142857	0	3.24110868708405e-16
ASV1414	44	44	0.0227272727272727	0	2.90466483250394e-15
ASV4637	45	45	0.0222222222222222	0	1.76805685456761e-15
ASV1001	3	3	0.333333333333333	0	0
ASV836	2	1.98373875367593	0.504098636046188	0	0
ASV4606	45	45	0.0222222222222222	0	1.66702503430661e-15
ASV1029	15	15	0.0666666666666667	0	0
ASV38	2	1.98561076060916	0.50362337867932	0	0
ASV2261	50	50	0.02	0	0
ASV448	3	2.98561076060916	0.0919921153756259	0	0
ASV478	5	5	0.2	0	0
ASV2579	45	45	0.0222222222222222	0	1.84383071976337e-15
ASV58	1	0.985610760609162	0.026699981905047	0	0
ASV2361	50	50	0.02	0	0
ASV2010	1	1	1	0	0
ASV1092	9	9	0.111111111111111	0	0
ASV3258	24	24	0.0416666666666667	0	0
ASV940	5	5	0.2	0	0
ASV1009	52	52	0.0192307692307692	0	1
ASV1372	1	1	1	0	0
ASV162	1	0.983738753675929	1.01653004546513	0	0
ASV105	2	1.97122152121832	0.507299656195892	0	0
ASV3266	24	24	0.0416666666666667	0	0
ASV170	2	1.98561076060916	0.252727416472185	0	0
ASV370	5	5	0.2	0	0
ASV176	2	1.97079512675294	0.144987562092519	3	0
ASV461	28	28	0.0357142857142857	0	2.85138633353817e-16
ASV1844	44	44	0.0227272727272727	0	2.95518074263444e-15
ASV874	4	3.93495501470372	0.254132511366282	3	0
ASV183	2	2	0.5	0	0
ASV4612	45	45	0.0222222222222222	0	1.76805685456761e-15
ASV2320	50	50	0.02	0	0
ASV4598	45	45	0.0222222222222222	0	1.79331480963287e-15
ASV2299	50	50	0.02	0	0
ASV898	52	52	0.0192307692307692	0	1
ASV123	1	0.985610760609162	0.00845499426993154	0	0
ASV900	52	52	0.0192307692307692	0	0.999999999999999
ASV1901	44	44	0.0227272727272727	0	3.0309546078302e-15
ASV284	3	2.95683228182749	0.112733256932421	0	0
ASV2293	50	50	0.02	0	0
ASV834	15	15	0.0666666666666667	0	0
ASV53	1	0.985610760609162	1.01459931239178	0	0
ASV121	1	1	1	0	0
ASV975	52	52	0.0192307692307692	0	0.999999999999999
ASV549	1	0.983738753675929	1.01653004546513	0	0
ASV1828	44	44	0.0227272727272727	0	3.0814705179607e-15
ASV1141	3	3	0.333333333333333	0	0
ASV939	1	0.985184366143778	0.202972548411624	0	0
ASV136	1	0.985610760609162	1.01459931239178	0	0
ASV1389	45	45	0.0222222222222222	0	1.76805685456761e-15
ASV1817	44	44	0.0227272727272727	0	2.90466483250394e-15
ASV251	28	28	0.0357142857142857	0	3.41969032250633e-16
ASV4621	45	45	0.0222222222222222	0	1.76805685456761e-15
ASV890	5	5	0.2	0	0
ASV964	52	52	0.0192307692307692	0	0.999999999999999
ASV142	1	0.985610760609162	0.338199770797262	0	0
ASV271	28	28	0.0357142857142857	0	3.25492163126036e-16
ASV1008	6	6	0.166666666666667	0	0
ASV868	52	52	0.0192307692307692	0	0.999999999999999
ASV484	3	2.98561076060916	0.334939843195088	0	0
ASV1895	6	6	0.166666666666667	0	0
ASV286	28	28	0.0357142857142857	0	3.09705941210253e-16
ASV3282	24	24	0.0416666666666667	0	0
ASV1201	6	6	0.166666666666667	0	0
ASV3268	24	24	0.0416666666666667	0	0
ASV1710	7	7	0.142857142857143	0	0
ASV866	52	52	0.0192307692307692	0	1
ASV1832	44	44	0.0227272727272727	0	2.98043869769969e-15
ASV296	28	28	0.0357142857142857	0	3.16513749411434e-16
ASV278	2	2	0.5	0	0
ASV369	1	1	1	0	1.40480411081337e-18
ASV1649	6	6	0.166666666666667	0	0
ASV1909	4	4	0.25	0	0
ASV2306	50	50	0.02	0	0
ASV981	52	52	0.0192307692307692	0	0.999999999999999
ASV424	2	1.98373875367593	0.25308662799942	0	0
ASV118	1	0.985184366143778	0.202972548411624	0	0
ASV1558	8	8	0.125	0	0
ASV43	2	2	0.5	0	0
ASV60	1	1	1	0	0
ASV3283	24	24	0.0416666666666667	0	0
ASV841	52	52	0.0192307692307692	0	1
ASV2308	50	50	0.02	0	0
ASV994	52	52	0.0192307692307692	0	1
ASV232	1	0.983738753675929	1.01653004546513	0	0
ASV184	3	2.97122152121832	0.0921140464229441	0	0
ASV1437	44	44	0.0227272727272727	0	3.05621256289545e-15
ASV267	2	1.98561076060916	0.0533674630934027	0	0
ASV2607	5	5	0.2	0	0
ASV39	28	28	0.0357142857142857	0	3.10988571740911e-16
ASV3274	24	24	0.0416666666666667	0	0
ASV86	1	0.985184366143778	0.0724848187486931	0	0
ASV225	5	5	0.2	0	0
ASV73	3	2.95683228182749	0.144942758913112	6	0
ASV1907	7	7	0.142857142857143	0	0
ASV1065	2	2	0.5	0	0
ASV899	1	0.983738753675929	0.14521857792359	0	0
ASV849	9	9	0.111111111111111	0	0
ASV1182	1	1	1	0	0
ASV1081	15	15	0.0666666666666667	0	0
ASV78	3	2.97122152121832	0.144641093126934	1.5	0
ASV4614	45	45	0.0222222222222222	0	1.86908867482862e-15
ASV7	3	2.98561076060916	0.0778711984988746	0	0
ASV873	52	52	0.0192307692307692	0	0.999999999999999
ASV1845	44	44	0.0227272727272727	0	3.10672847302595e-15
ASV392	28	28	0.0357142857142857	0	2.84053330597107e-16
ASV340	1	1	1	0	0
ASV10	2	1.98561076060916	0.0921140464229441	0	0
ASV1012	3	2.95683228182749	0.338199770797262	2	0
ASV959	52	52	0.0192307692307692	0	1
ASV1038	52	52	0.0192307692307692	0	0.999999999999999
ASV56	2	1.97122152121832	0.507299656195892	0	0
ASV23	2	1.97122152121832	0.101459931239178	4	0
ASV231	28	28	0.0357142857142857	0	3.06055377392229e-16
ASV2257	50	50	0.02	0	0
ASV2269	50	50	0.02	0	0
ASV1825	7	7	0.142857142857143	0	0
ASV422	2	2	0.5	0	0
ASV1930	7	7	0.142857142857143	0	0
ASV1891	44	44	0.0227272727272727	0	3.00569665276494e-15
ASV2321	50	50	0.02	0	0
ASV864	52	52	0.0192307692307692	0	1
ASV966	52	52	0.0192307692307692	0	0.999999999999999
ASV2386	1	1	1	0	0
ASV1000	52	52	0.0192307692307692	0	0.999999999999999
ASV1530	7	7	0.142857142857143	0	0
ASV2273	50	50	0.02	0	0
ASV48	4	3.94244304243665	0.0099470520822724	38	0
ASV921	9	9	0.111111111111111	0	0
ASV2304	50	50	0.02	0	0
ASV2312	50	50	0.02	0	0
ASV298	2	1.97122152121832	0.126824914048973	6	0
ASV4605	45	45	0.0222222222222222	0	1.71754094443711e-15
ASV1489	44	44	0.0227272727272727	0	2.77837505717768e-15
ASV455	5	5	0.2	0	0
ASV2399	6	6	0.166666666666667	0	0
ASV320	2	1.97122152121832	0.169112078930021	3	0
ASV1052	52	52	0.0192307692307692	0	1
ASV132	3	2.95683228182749	0.144942758913112	4	0
ASV914	52	52	0.0192307692307692	0	1
ASV1819	44	44	0.0227272727272727	0	2.90466483250394e-15
ASV96	3	2.95683228182749	0.026699981905047	0	0
ASV54	3	2.98561076060916	0.334939843195088	0	0
ASV188	1	1	1	0	0
ASV3	4	3.97122152121832	0.0326982119216384	2.33333333333333	0
ASV388	1	1	1	0	0
ASV1445	6	6	0.166666666666667	0	0
ASV363	2	2	0.5	0	0
ASV1854	7	7	0.142857142857143	0	0
ASV72	2	1.98561076060916	0.50362337867932	0	0
ASV2910	24	24	0.0416666666666667	0	0
ASV25	2	1.97122152121832	0.0247463246924826	9	0
ASV1404	13	13	0.0769230769230769	0	0
ASV1392	7	7	0.142857142857143	0	0
ASV844	6	6	0.166666666666667	0	0
ASV1060	52	52	0.0192307692307692	0	1
ASV842	15	15	0.0666666666666667	0	0
ASV2309	50	50	0.02	0	0
ASV1841	44	44	0.0227272727272727	0	2.95518074263444e-15
ASV906	52	52	0.0192307692307692	0	0.999999999999999
ASV960	52	52	0.0192307692307692	0	0.999999999999999
ASV273	2	1.98561076060916	0.0844502443098884	0	0
ASV3298	24	24	0.0416666666666667	0	0
ASV1054	2	2	0.5	0	0
ASV1830	44	44	0.0227272727272727	0	3.00569665276494e-15
ASV1827	13	13	0.0769230769230769	0	0
ASV3257	24	24	0.0416666666666667	0	0
ASV2348	50	50	0.02	0	0
ASV4307	45	45	0.0222222222222222	0	1.86908867482862e-15
ASV2284	50	50	0.02	0	0
ASV350	4	3.94244304243665	0.0225477352298895	30	0
ASV1452	44	44	0.0227272727272727	0	2.92992278756919e-15
ASV4623	45	45	0.0222222222222222	0	1.71754094443711e-15
ASV149	1	1	1	0	0
ASV4601	45	45	0.0222222222222222	0	1.69228298937186e-15
ASV59	1	0.985610760609162	1.01459931239178	0	0
ASV50	1	0.985610760609162	0.00780461009532142	0	0
ASV1838	44	44	0.0227272727272727	0	2.92992278756919e-15
ASV4649	45	45	0.0222222222222222	0	1.74279889950236e-15
ASV201	2	1.97122152121832	0.144951717333687	0	0
ASV2351	50	50	0.02	0	0
ASV1928	44	44	0.0227272727272727	0	3.0309546078302e-15
ASV997	52	52	0.0192307692307692	0	1
ASV1421	45	45	0.0222222222222222	0	1.74279889950236e-15
ASV523	1	0.983738753675929	0.0847108371220939	0	0
ASV1711	50	50	0.02	0	0
ASV2550	45	45	0.0222222222222222	0	1.69228298937186e-15
ASV15	28	28	0.0357142857142857	0	3.69594920603252e-16
ASV276	1	0.985184366143778	0.338297340155106	0	0
ASV2259	50	50	0.02	0	0
ASV937	2	1.98373875367593	0.504098636046188	0	0
ASV253	1	0.985184366143778	0.0187926400735248	0	0
ASV895	52	52	0.0192307692307692	0	0.999999999999999
ASV2271	2	2	0.5	0	0
ASV324	28	28	0.0357142857142857	0	2.89381180493684e-16
ASV432	28	28	0.0357142857142857	0	2.72509655821191e-16
ASV342	2	1.97122152121832	0.0338199770797262	8	0
ASV4666	45	45	0.0222222222222222	0	1.79331480963287e-15
ASV1075	52	52	0.0192307692307692	0	1
ASV2301	50	50	0.02	0	0
ASV1369	24	24	0.0416666666666667	0	0
ASV916	3	3	0.333333333333333	0	0
ASV243	2	1.97079512675294	0.0198979863198957	12	0
ASV1842	44	44	0.0227272727272727	0	2.85414892237343e-15
ASV1881	44	44	0.0227272727272727	0	3.00569665276494e-15
ASV1883	44	44	0.0227272727272727	0	2.90466483250394e-15
ASV998	52	52	0.0192307692307692	0	0.999999999999999
ASV441	1	0.985184366143778	1.0150384378451	0	0
ASV2266	6	6	0.166666666666667	0	0
ASV438	1	0.985610760609162	0.0724713794565561	0	0
ASV1535	4	4	0.25	0	0
ASV1851	44	44	0.0227272727272727	0	2.90466483250394e-15
ASV32	2	1.98561076060916	0.112550683311801	0	0
ASV156	3	2.9564058873621	0.0241598639216875	59	0
ASV1073	52	52	0.0192307692307692	0	1
ASV131	2	1.97122152121832	0.0461190574725826	8	0
ASV238	28	28	0.0357142857142857	0	2.87802558302105e-16
ASV334	28	28	0.0357142857142857	0	2.93426399859603e-16
ASV3689	45	45	0.0222222222222222	0	1.74279889950236e-15
ASV348	4	3.95683228182749	0.0184439602662916	6.5	0
ASV1014	3	2.9564058873621	0.202937421416788	3	0
ASV236	28	28	0.0357142857142857	0	2.83264019501318e-16
ASV2283	50	50	0.02	0	0
ASV256	1	0.983738753675929	0.169421674244188	0	0
ASV36	3	2.98561076060916	0.0184381968367462	0	0
ASV403	2	2	0.5	0	0
ASV4597	45	45	0.0222222222222222	0	1.79331480963287e-15
ASV382	2	2	0.5	0	0
ASV1834	44	44	0.0227272727272727	0	2.92992278756919e-15
ASV1387	24	24	0.0416666666666667	0	0
ASV2254	6	6	0.166666666666667	0	0
ASV212	28	28	0.0357142857142857	0	3.15132454993804e-16
ASV154	3	2.97122152121832	0.027410787398477	11	0
ASV1395	13	13	0.0769230769230769	0	0
ASV1125	2	2	0.5	0	0
ASV884	1	0.985610760609162	0.0780461009532142	0	0
ASV3261	4	4	0.25	0	0
ASV4656	45	45	0.0222222222222222	0	1.69228298937186e-15
ASV2347	50	50	0.02	0	0
ASV47	1	0.983738753675929	0.338843348488376	0	0
ASV970	15	15	0.0666666666666667	0	0
ASV76	2	1.97122152121832	0.0676399541594523	0	0
ASV993	52	52	0.0192307692307692	0	1
ASV220	1	1	1	0	0
ASV2343	50	50	0.02	0	0
ASV310	5	4.94201664797126	0.0298302452075527	20.5	0
ASV329	2	2	0.5	0	0
ASV808	5	5	0.2	0	0
ASV1402	44	44	0.0227272727272727	0	2.98043869769969e-15
ASV3250	5	5	0.2	0	0
ASV911	5	5	0.2	0	0
ASV1367	7	7	0.142857142857143	0	0
ASV919	52	52	0.0192307692307692	0	0.999999999999999
ASV2567	24	24	0.0416666666666667	0	0
ASV977	52	52	0.0192307692307692	0	0.999999999999999
ASV101	2	1.98561076060916	0.0147035315480385	0	0
ASV133	1	0.985610760609162	1.01459931239178	0	0
ASV936	2	1.97122152121832	0.0144942758913112	110	0
ASV3260	24	24	0.0416666666666667	0	0
ASV281	1	1	1	0	0
ASV2282	50	50	0.02	0	0
ASV1410	44	44	0.0227272727272727	0	3.05621256289545e-15
ASV943	52	52	0.0192307692307692	0	0.999999999999999
ASV1416	44	44	0.0227272727272727	0	2.95518074263444e-15
ASV226	1	0.985184366143778	0.0144977703016708	0	0
ASV1840	6	6	0.166666666666667	0	0
ASV2352	50	50	0.02	0	0
ASV185	28	28	0.0357142857142857	0	3.34470576840637e-16
ASV110	2	1.97122152121832	0.253649828097946	2	0
ASV2297	50	50	0.02	0	0
ASV505	3	2.95683228182749	0.338199770797262	2	0
ASV3254	5	5	0.2	0	0
ASV2368	50	50	0.02	0	0
ASV2294	50	50	0.02	0	0
ASV1394	1	0.985610760609162	0.169099885398631	0	0
ASV119	1	1	1	0	0
ASV859	52	52	0.0192307692307692	0	0.999999999999999
ASV2350	50	50	0.02	0	0
ASV1863	44	44	0.0227272727272727	0	3.0814705179607e-15
ASV1718	1	1	1	0	0
ASV2608	45	45	0.0222222222222222	0	1.66702503430661e-15
ASV991	52	52	0.0192307692307692	0	1
ASV731	3	2.95121626102779	0.338843348488376	2	0
ASV593	1	1	1	0	0
ASV526	5	4.94244304243665	0.0596326185529579	6	0
ASV173	1	1	1	0	0
ASV976	52	52	0.0192307692307692	0	0.999999999999999
ASV2279	1	1	1	0	0
ASV4594	45	45	0.0222222222222222	0	1.84383071976337e-15
ASV584	1	1	1	0	0
ASV429	3	3	0.333333333333333	0	0
ASV452	2	1.97122152121832	0.101459931239178	4	0
ASV2930	45	45	0.0222222222222222	0	1.79331480963287e-15
ASV196	4	3.94244304243665	0.126824914048973	9	0
ASV416	2	1.98518436614378	0.144667859933839	0	0
ASV40	2	1.97122152121832	0.0349861831859236	21	0
ASV1856	13	13	0.0769230769230769	0	0
ASV16	4	3.95683228182749	0.101312022652404	4.5	0
ASV2646	45	45	0.0222222222222222	0	1.71754094443711e-15
ASV292	28	28	0.0357142857142857	0	2.3886527036318e-16
ASV741	52	52	0.0192307692307692	0	0.999999999999999
ASV2	28	28	0.0357142857142857	0	3.25393499239062e-16
ASV1044	52	52	0.0192307692307692	0	0.999999999999999
ASV850	6	6	0.166666666666667	0	0
ASV1855	44	44	0.0227272727272727	0	3.0814705179607e-15
ASV880	2	2	0.5	0	0
ASV839	52	52	0.0192307692307692	0	0.999999999999999
ASV1572	45	45	0.0222222222222222	0	1.69228298937186e-15
ASV4625	45	45	0.0222222222222222	0	1.89434662989387e-15
ASV2278	50	50	0.02	0	0
ASV1133	2	2	0.5	0	0
ASV2617	45	45	0.0222222222222222	0	1.86908867482862e-15
ASV437	5	5	0.2	0	0
s__VTX00444	1	1	1	0	3.310477765621e-18
s__VTX00435	3	2.97079512675294	0.0844502443098884	2	0
s__VTX00350	5	5	0.2	0	0
s__VTX00308	1	0.985610760609162	0.0724780984796275	0	0
s__VTX00281	3	2.98561076060916	0.334939843195088	0	0
s__VTX00238	2	1.97122152121832	0.253649828097946	0	0
s__VTX00222	52	52	0.0192307692307692	0	1
s__VTX00163	3	3	0.333333333333333	0	0
s__VTX00051	2	1.97122152121832	0.0405839724956714	25	0
s__VTX00009	1	1	1	0	0
s__VTX00005	3	2.95683228182749	0.0140916571165526	116	0
s__VTX00004	2	1.98373875367593	0.168956198636675	0	0
BN4	2	1.97036873228756	0.507519218922552	1	0
BN5	1	0.985610760609162	0.169099885398631	0	0
BN6	44	44	0.0227272727272727	0	3.05621256289545e-15
BN7	1	0.985610760609162	0.0317062285122433	0	0
BN8	2	1.97079512675294	0.507409413807304	1	4.87131252824857e-18
BN9	2	1.98518436614378	0.144667859933839	0	0
BN10	13	13	0.0769230769230769	0	0
BN11	1	1	1	0	0
FN1	1	0.985184366143778	0.338346145948368	0	0
FN2	4	3.94244304243665	0.112733256932421	0	0
FN3	3	2.98561076060916	0.334939843195088	0	0
FN4	1	0.985184366143778	1.0150384378451	0	0
FN5	2	2	0.5	0	0
FN6	4	3.97122152121832	0.0506560113262019	3.33333333333333	0
